select * from t_jobvitemessage where MessageId in (select id from t_message where CompanyId=6889 and deleted=0);




update script:-
update t_message set UserId= -UserId where CompanyId=6889 and id in (473684007,474190114,474266448,474267027,474267733,475700965,475700976,475700977,475702047,475702564,475703290,475703306,475703308,477003859,477102524,477273432,478310697,478942136,478942139,478947229,480289299,480290836,481607830,481663579,481942905,481951614,482538213,484122529,484122769,484545026,484547293,484547677,485167285,487819614,488151447,488239965,488272826,488420755,488432420,488437952,488455081,488468624,488469120,488565637,488570099,488575946,488590062,488727881,488806129,489280810,489471581,489485605,489507530,489621835,489787794,489787806,489796518,489803245,489815153,489850090,489851005,489851054,489921453,490086571,490092245,490120437,490120847,490120848,490120946,490120948,490121056,490121160,490121163,490121373,490121420,490121425,490183206,490218883,490375676,490846675,490936602,491393512,491414700,491515761,491693528,491997771,491997932,492090478,492090537,492090572,492090858,492431514,492542845,492542925,492752873,492897575,493054023,493054046,493156649,493636977,493980816,493997117,494074183,494095287,494414634,494417727,494569708,494582255,494969446,495107724,495107747,495107924,496304098,496608197,497657282,497657290,497705265,498148230,498164355,498282531,498282563,498359621,498360074,498361123,498786083,498970671,499118543,499118626,499119041,499237052,499826625,499826837,500290596,500497992,500498856);








Rollback script:-
update t_message set UserId= -UserId where CompanyId=6889 and id in (473684007,474190114,474266448,474267027,474267733,475700965,475700976,475700977,475702047,475702564,475703290,475703306,475703308,477003859,477102524,477273432,478310697,478942136,478942139,478947229,480289299,480290836,481607830,481663579,481942905,481951614,482538213,484122529,484122769,484545026,484547293,484547677,485167285,487819614,488151447,488239965,488272826,488420755,488432420,488437952,488455081,488468624,488469120,488565637,488570099,488575946,488590062,488727881,488806129,489280810,489471581,489485605,489507530,489621835,489787794,489787806,489796518,489803245,489815153,489850090,489851005,489851054,489921453,490086571,490092245,490120437,490120847,490120848,490120946,490120948,490121056,490121160,490121163,490121373,490121420,490121425,490183206,490218883,490375676,490846675,490936602,491393512,491414700,491515761,491693528,491997771,491997932,492090478,492090537,492090572,492090858,492431514,492542845,492542925,492752873,492897575,493054023,493054046,493156649,493636977,493980816,493997117,494074183,494095287,494414634,494417727,494569708,494582255,494969446,495107724,495107747,495107924,496304098,496608197,497657282,497657290,497705265,498148230,498164355,498282531,498282563,498359621,498360074,498361123,498786083,498970671,499118543,499118626,499119041,499237052,499826625,499826837,500290596,500497992,500498856);

