select * from T_Company (nolock) where name like '%Veterans%'--1815

select * from T_Job (nolock) where CompanyId = 1815 and SentDate > ='2016-01-01' and SentDate <= '2016-12-31' and Deleted = 0

select *  from T_Candidate where id in (select CandidateId  from T_application where CompanyId = 1815 and JobId in 
(select Id from T_Job (nolock) where CompanyId = 1815 and SentDate > ='2016-01-01' and SentDate <= '2016-12-31' and Deleted = 0)) and ApplicationCount > 1

--update script :-
update T_Application set Deleted = 1 , Modified = getdate() where CompanyId = 1815 and JobId in 
(select Id from T_Job (nolock) where CompanyId = 1815 and SentDate > ='2016-01-01' and SentDate <= '2016-12-31' and Deleted = 0)

update T_Job set Deleted = 1 ,Modified  = getdate() where CompanyId =1815 
and  SentDate > ='2016-01-01' and SentDate <= '2016-12-31' and Deleted = 0

update T_Candidate set ApplicationCount = ApplicationCount-1  where CompanyId =1815 and id in (13961495,13961542,13961696,13961888,13992384,14013208,14018634,14024607,14039963,14052813,14072612,14081191,14084744,14103028,14134823,14152103,14159321,14192769,14202515,14250293,14254435,14263028,14263763,14267151,14272348,14280925,14287245,14306712,14312143,14316152,14321664,14324174,14340722,14354071,14374788,14387915,14390397,14422402,14424057,14428817,14439863,14442059,14445616,14468462,14481142,14512605,14513029,14527373,14627635,14634509,14643484,14652047,14658781,14666283,14666880,14668116,14668213,14668229,14668240,14668242,14668297,14668337,14668380,14668388,14668445,14668474,14668531,14668552,14668567,14668573,14668640,14668655,14668679,14668750,14668752,14668794,14668799,14668819,14668825,14668861,14668876,14668877,14668897,14668917,14668971,14669017,14669039,14669047,14669083,14669118,14669151,14669203,14669238,14669292,14669359,14669376,14669387,14669431,14669452,14669476,14669531,14669617,14669661,14669688,14669712,14669752,14669845,14669881,14669918,14669928,14669934,14669939,14669947,14670004,14670009,14670036,14670059,14670111,14670173,14670267,14670274,14670631,14670632,14670740,14670743,14670745,14671712,14671715,14671719,14671807,14671838,14671908,14671923,14671931,14672032,14672035,14672036,14672049,14672074,14672086,14672166,14672194,14672231,14672267,14672345,14672351,14672457,14672506,14672536,14672566,14672608,14672673,14672786,14672877,14672878,14672879,14672910,14672912,14672919,14673001,14673080,14673083,14673106,14673134,14673201,14673236,14673250,14673261,14673265,14673326,14673357,14673417,14673473,14673591,14673596,14673660,14673763,14673851,14673854,14673922,14674044,14674096,14675702,14676150,14681621,14684111,14685151,14687671,14702302,14703239,14717855,14724701,14738103,14740939,14755810,14761808,14764217,14792339,14804546,14816175,14862208,14874579,14902456,14911080,14912574,14914290,14938272,14938430,14940854,14945324,14961530,14961579,14961614,14961616,14961632,14961652,14961686,14961690,14961703,14961757,14961785,14961854,14961856,14961858,14961864,14961869,14961894,14961933,14961976,14961990,14962071,14962143,14962158,14962180,14962198,14962207,14962235,14962324,14962340,14962381,14962383,14962401,14962435,14962468,14981832,14981833,14981837,14981869,14981916,14981923,14981957,14981988,14982051,14982055,14982068,14982116,14982154,14982155,14982218,14982271,14982293,14982312,14982315,14982369,14982425,14982429,14982461,14982478,14982556,14982557,14982577,14982581,14982660,14982663,14982680,14983278,14983293,14983307,14983347,14983438,14983456,14983536,14983539,14983574,14983587,14983634,14983702,14983708,14983714,14983735,14983740,14983749,14983751,14983824,14983838,14983888,14983923,14983930,14983944,14983948,14983956,14983960,14983972,14984019,14984022,14984928,14984987,14984990,14985031,14985060,14985066,14985116,14985120,14985192,14985215,14985267,14985278,14985291,14985297,14985329,14985334,14985336,14985346,14985354,14985357,14985359,14985399,14985741,14985750,14985790,14985793,14985807,14985823,14985845,14985903,14985945,14985959,14985979,14986018,14986075,14986087,14986135,14986157,14986160,14986168,14986182,14986298,14986315,14986325,14986350,14986367,14986396,14986467,14986540,14986559,14986567,14986596,14986668,14986687,14986750,14986765,14986847,14986868,14986873,14986908,14987020,14987090,14987139,14987179,14987182,15004551,15004559,15004643,15004749,15004768,15004815,15004835,15004867,15005002,15005112,15005121,15005145,15005202,15005244,15005280,15005299,15005629,15005752,15005767,15005768,15005817,15005840,15005846,15005866,15005874,15005895,15005911,15005915,15006253,15006282,15006303,15006410,15006477,15006491,15006522,15006556,15006576,15006578,15006650,15006654,15006678,15006740,15006786,15006871,15006923,15006925,15006937,15007005,15007337,15007341,15007366,15007401,15074024,15118514,15119570,15197988,15225241,15251344,15251877,15254898,15257586,15283240,15293309,15303470,15306187,15307964,15334444,15344444,15391091,15391843,15427331,15461056,15461880,15463290,15470002,15482888,15508085,15512123,15562906,15567796,15590376,15607526,15650710,15681679,15707127,15731132,15738250,15738858,15743652,15783604,15795488,15804994,15821988,15839810,15868356,15894405,15906507,15910776,15922878,15931323,15956049,15964222,15979823,15994064,16018106,16024361,16064957,16098028,16113235,16113939,16128032,16172140,16181604,16184614,16185778,16204053,16222191,16226493,16229888,16255233,16255391,16260839,16275950,16279096,16290933,16310085,16314332,16315584,16316169,16321838,16364797,16365525,16378925,16382258,16404572,16410109,16438968,16444808,16446018,16470769,16474475,16477730,16536820,16538718,16548693,16564991,16592905,16599887,16620895,16629022,16664091,16677493,16685885,16697107,16698001,16791948,16862072,16885652,16886273,16887575,16888554,16938117,16950552,16981135,17015955,17016290,17041373,17067994,17120541,17159719,17159807,17195228,17208114,17219448,17248916,17289702,17297636,17356960,17359228,17379568,17379888,17380489,17435564,17446665,17467821,17538617,17545798,17564017,17564745,17573182,17845712,17886640,18029973,18063339,18112864,18122485,18133355,18143423,18170924,18297690,18317933,18338905,18339489,18806764,18949496,19052739,19900824,20268796,20786745,20790333,20792466,20795723,20797942,20811548,20814480,20821748,20849438,20867635,20904305,20958674,20961494,20990441,21113740,21293094,21361248,21370760,21391010,21402777,21404284,21422574,21487155,21631942,21685988,21715793,21719947,21735078,21740731,21782485,21788923,21806854,21812692,21813547,21822212,21859748,21867382,21957446,21981233,22029083,22040925,22066263,22094560,22183889,22229409,22259783,22269364,22292442,22300328,22313972,22355420,22459763,22474126,22491270,22496951,22538883,22543071,22598448,22618538,22644898,22647150,22775256,22826780,22833230,22875250,22908121,23008180,23021488,23040796,23042228,23056358,23070875,23084008,23086588,23096454,23131635,23240176,23242996,23277594,23281997,23293301,23333753,23375638,23386572,23398608,23410168,23421162,23430064,23433099,23470977,23472465,23503417,23505699,23521270,23614250,23650949,23657692,23660819,23670376,23674575,23699637,23703735,23709584,23718124,23728999,23736466,23748162,23748927,23780948,23784305,23787480,23803220,23808488,23814264,23814313,23816375,23825719,23825880,23830770,23831903,23840749,23857475,23869442,23871803,23885222,23914848,24026587,24078297,24078910,24084905,24107819,24110512,24141459,24142686,24231897,24234605,24235953,24237470,24243516,24282777,24284329,24300642,24310747,24330168,24334319,24335020,24344161,24351976,24360410,24364913,24366589,24386081,24391951,24396924,24440229,24479945,24485463,24489390,24520126,24552017,24558528,24643115,24650815,24653294,24698491,24699853,24730136,24740599,24755263,24771559,24786700,24807942,24846930,24870850,24875643,24888488,24914762,25006901,25007055,25008389,25044871,25095588,25107458,25115957,25118160,25155696,25240799,25294975,25296478,25343271,25384016,25395024,25413052,25459083,25507095,25572614,25578986,25583102,25639382,25705220,25712472,25715984,25739198,25754376,25759360,25775307,25798365,25819202,25864981,25878534,25914563,25977182,25999902,26019939,26041838,26044219,26051409,26100863,26155588,26168179,26170137,26191734,26195060,26215563,26222264,26237512,26250500,26253769,26266139,26331631,26331717,26340086,26345514,26365726,26378345,26387637,26417935,26419808,26470987,26485398,26485551,26505887,26513795,26530269,26565627,26598767,26621587,26641360,26670207,26673414,26753543,26769327,26787862,26836662,26839668,26859381,26883114,26883354,26909739,26911320,26923362,26959841,26961536,26975707,26980449,27021503,27025691,27025885,27040720,27045802,27050841,27053701,27092304,27105278,27108024,27117890,27118653,27161770,27167882,27172211,27187805,27197746,27202875,27208893,27211651,27216338,27221045,27234972,27250859,27289189,27292267,27302742,27303780,27317746,27352363,27353011,27353323,27358454,27359477,27395712,27415426,27440553,27453548,27464207,27478438,27502984,27531014,27588437,27590507,27624555,27650901,27651235,27657973,27706253,27720998,27730001,27738667,27750762,27764209,27773634,27822205,27843707,27850334,27856804,27865005,27904796,27921295,27922470,27957342,27972547,27975910,28021372,28026309,28030287,28033602,28091470,28101920,28107128,28108414,28181337,28212223,28264925,28298717,28305336,28345497,28408813,28414571,28424216,28426233,28426241,28430259,28482259,28495714,28593683,28609969,28658667,28665683,28668242,28670574,28688323,28691537,28698743,28703254,28704044,28727511,28733693,28738503,28740047,28741845,28766335,28767958,28798620,28809528,28824691,28840100,28849091,28870619,28873229,28882735,28886994,28907025,28964230,28982070,28989512,29022303,29025203,29031414,29059270,29065132,29078504,29092616,29100876,29104369,29126791,29163318,29200987,29205380,29209771,29211847,29235414,29251223,29299982,29325333,29335150,29343305,29343764,29345460,29350266,29359564,29364715,29376863,29378183,29382913,29394510,29399239,29404220,29416543,29416727,29420445,29426396,29440050,29442171,29446163,29467878,29469081,29507402,29510072,29537749,29538223,29590566,29599319,29606555,29630576,29652349,29652394,29653831,29655800,29660076,29663567,29689294,29712189,29817658,29851368,29861954,29870573,29876653,29878045,29900782,29904884,29906481,29923340,29980567,29981606,29997980,30021351,30042805,30059402,30065913,30067947,30080890,30086615,30114310,30121568,30122801,30122938,30145801,30146952,30178832,30202887,30229261,30283482,30283644,30284333,30294632,30318009,30319416,30327500,30332859,30363316,30378495,30390839,30421682,30426224,30430374,30442693,30456829,30502118,30568575,30571408,30624247,30625402,30634610,30649786,30664413,30699827,30729935,30733385,30744924,30751941,30781550,30812284,30819865,30844502,30871112,30913281,30955752,30959350,30981544,30998278,31022593,31026261,31030079,31031180,31039022,31060719,31076346,31093526,31178966,31229407,31229860,31236387,31256667,31302854,31309661,31310580,31315169,31316719,31355327,31372069,31373771,31386977,31411268,31447362,31447942,31448838,31469440,31482965,31484380,31499273,31500254,31508425,31565036,31578214,31581072,31611044,31626117,31647915,31659073,31663621,31700359,31743456,31745562,31763177,31763406,31771173,31783258,31783754,31799849,31851169,31860495,31880186,31900912,31941505,31944188,31978432,32113002,32150661,32157584,32159861,32263568,32267936,32312405,32325227,32325473,32327282,32331786,32338936,32346546,32347115,32349906,32353238,32379879,32388315,32389543,32393006,32397864,32399390,32400017,32429534,32455972,32468360,32492700,32493804,32512819,32519588,32524029,32526023,32545462,32549190,32557823,32574870,32578272,32624506,32624924,32629649,32631127,32645950,32672665,32676285,32679308,32679414,32685503,32686076,32697983,32700443,32717196,32735912,32748691,32750181,32781654,32793530,32801206,32813822,32815892,32819876,32820499,32822135,32822858,32851492,32870895,32913210,32913889,32921534,32935515,32940439,32949466,32959953,32983161,32991208,32991486,32994496,32995916,32996722,32997822,33009862,33024130,33040697,33096336,33101761,33133103,33135505,33138292,33152304,33163690,33180018,33217452,33236803,33259083,33285819,33286738,33339617,33367826,33388755,33397478,33399122,33401293,33404261,33425087,33426935,33435008,33441542,33484079,33484195,33489702,33490024,33495468,33517559,33534525,33569955,33572497,33572508,33589327,33591190,33600693,33600966,33609086,33620753,33655806,33656029,33657316,33685776,33690428,33702796,33705334,33707818,33713848,33721633,33742560,33764443,33766399,33798196,33836294,33841014,33847028,33863857,33865131,33873106,33875012,33893716,33894299,33896293,33910174,33914889,33942650,34027195,34028598,34036092,34039417,34066368,34096835,34104503,34153901,34156620,34161757,34197657,34218024,34223481,34248696,34252143,34258564,34291013,34301607,34359142,34397699,34418805,34419225,34449190,34455897,34471512,34473162,34484265,34485962,34487567,34498160,34504914,34510521,34544733,34551017,34552241,34561611,34562603,34574850,34576502,34586444,34587018,34595301,34595709,34596930,34619254,34633550,34653066,34669602,34674475,34684662,34697666,34698217,34722994,34751406,34832659,34834185,34842334,34858978,34879817,34910122,34931426,34944589,34946945,34997808,34997979,35042318,35052461,35054146,35064050,35064649,35081493,35104745,35127597,35127867,35128664,35129090,35130619,35132457,35204375,35250133,35268339,35269860,35310686,35311081,35312190,35345997,35353702,35361754,35378964,35399986,35407184,35408773,35416081,35430680,35444958,35488735,35490053,35491673,35500250,35508975,35524076,35531131,35551540,35557472,35570831,35576501,35581634,35595500,35607328,35619427,35648089,35653421,35659537,35679292,35684529,35686424,35687534,35695782,35696858,35705057,35713981,35714649,35715748,35722801,35730273,35736510,35740813,35755175,35767901,35775121,35782138,35813209,35817097,35817341,35824788,35830281,35833974,35865479,35867361,35875547,35876814,35897532,35901668,35918011,35940936,35974612,35992474,35994604,35999218,36000973,36026744,36043900,36044244,36076056,36093681,36094339,36108995,36121773,36123286,36139279,36152407,36177753,36185785,36206419,36209636,36219636,36220945,36226177,36249725,36249749,36270652,36271243,36282750,36283803,36294685,36298271,36301571,36302634,36319968,36337244,36345662,36360128,36368015,36373258,36377629,36384563,36396284,36400421,36405387,36429023,36450449,36463206,36464301,36484341,36484619,36495858,36496924,36529123,36562102,36565843,36591866,36599163,36600796,36601143,36601580,36607050,36628330,36629953,36680420,36680650,36684352,36690177,36697521,36704934,36723203,36734451,36736612,36751467,36764759,36768796,36785880,36800092,36815857,36824595,36843516,36846590,36852666,36859012,36882070,36890688,36913299,36915190,36915688,36948917,36973556,36980080,37066675,37074136,37109157,37112941,37117796,37122677,37135932,37137902,37138261,37139804,37145679,37146231,37148515,37155234,37165719,37169904,37174882,37175347,37175529,37179557,37183979,37184570,37192926,37197172,37214137,37215476,37221188,37229404,37260998,37262765,37264281,37284098,37288091,37289584,37292677,37304471,37306072,37340148,37347235,37369218,37384836,37385264,37385960,37386034,37386938,37389800,37396574,37396612,37400235,37404406,37418248,37423172,37433165,37434232,37436712,37441275,37450379,37471570,37493988,37503148,37508580,37509558,37516692,37525070,37536041,37537788,37542058,37551379,37570969,37570987,37576569,37594012,37600076,37615092,37622882,37640987,37646557,37659657,37669067,37671583,37672257,37673403,37691716,37695768,37717624,37718722,37724776,37724787,37727218,37731174,37731647,37740934,37744940,37758234,37758780,37764623,37765160,37771684,37773189,37781249,37781621,37784359,37786051,37788945,37789348,37790561,37794285,37801675,37809488,37810390,37818696,37820471,37820898,37823163,37831133,37835105,37836216,37840772,37841385,37842038,37846936,37847194,37852921,37857274,37860431,37868263,37880170,37885973,37897517,37897741,37932285,37932675,37942238,37943741,37944035,37946287,37947248,37954045,37959136,37976377,37979602,37989088,37994040,38007058,38008273,38012486,38018339,38020301,38021699,38029098,38054983,38069685,38070853,38086929,38101121,38106572,38109363,38110812,38118961,38133066,38134058,38134630,38144097,38148539,38177969,38179462,38184193,38185461,38191274,38191522,38192371,38193351,38205877,38208113,38212124,38213254,38226395,38253132,38257064,38270717,38274503,38282897,38283371,38290305,38291850,38296353,38297817,38300306,38310252,38316607,38324853,38327074,38332231,38333621,38335619,38336988,38373512,38375031,38378445,38379471,38380069,38382460,38385727,38385874,38395640,38412861,38419110,38429785,38430555,38431010,38450931,38451857,38452424,38467827,38468990,38470476,38471326,38471477,38479417,38487339,38490527,38497462,38498766,38499152,38501524,38501944,38504593,38507789,38524500,38526617,38527864,38531103,38534859,38541446,38542642,38545374,38548730,38550476,38552113,38557312,38587864,38588139,38591219,38595676,38598173,38603466,38613652,38614620,38617596,38635858,38640496,38641597,38644019,38654791,38655951,38658146,38663167,38663568,38668708,38671475,38672868,38680343,38681171,38681824,38681936,38682825,38684637,38692758,38701911,38703562,38705143,38721301,38721401,38724152,38725642,38730743,38740367,38743757,38749276,38750546,38750954,38751778,38751779,38754949,38768733,38771773,38774761,38775342,38775762,38782146,38784316,38785866,38788277,38794030,38800769,38823524,38826659,38827222,38831159,38834230,38836517,38837425,38840501,38841970,38842604,38842679,38853477,38864716,38868874,38870454,38878232,38878680,38885856,38890236,38891093,38904699,38909592,38912775,38923371,38926654,38927749,38929701,38930566,38937166,38937586,38946370,38947284,38953608,38955591,38958350,38963859,38978378,38987566,38996564,39010291,39011943,39013297,39014068,39015979,39017468,39021062,39023511,39026879,39028738,39029819,39044121,39044474,39056037,39056517,39060165,39065548,39067481,39067695,39070333,39081259,39093389,39101252,39102793,39107954,39115017,39123189,39125559,39125921,39126784,39130048,39130914,39131348,39133598,39145501,39150580,39160457,39161531,39162213,39169647,39193741,39195576,39202814,39210212,39232143,39236307,39238051,39244001,39261674,39270155,39270393,39276539,39276662,39282109,39293248,39299887,39315652,39315685,39316667,39324093,39324480,39331355,39332143,39360322,39379251,39399429,39402456,39408390,39410184,39420359,39424295,39436157,39456928,39457623,39467805,39478190,39482950,39493222,39494637,39510411,39516464,39520508,39522251,39532018,39536028,39539194,39550942,39566085,39571608,39579205,39589853,39600654,39601602,39606732,39613068,39614732,39622116,39632023,39632808,39644593,39652392,39657158,39661281,39664349,39673480,39676274,39682701,39690387,39690513,39702859,39710913,39713640,39740413,39760191,39761770,39763065,39765515,39769193,39769821,39778253,39788935,39795044,39805908,39813119,39817535,39818826,39823789,39842079,39842480,39844126,39848123,39849825,39852406,39853086,39855629,39857847,39858173,70842804)

update T_Candidate set ApplicationCount = ApplicationCount-1  where CompanyId =1815 and id in (36530661,39865606,39882668,39884090,39885015,39886965,39889045,39907356,39916801,39921252,39930782,39941377,39948270,39960509,39973838,39983549,39987124,39988978,39989267,39990418,39991039,39991461,39991925,39992492,39993394,40005881,40006165,40008171,40010262,40014989,40017875,40026373,40031444,40038852,40040112,40043250,40047414,40050968,40052249,40052614,40069922,40074002,40075796,40077994,40094978,40101149,40117991,40118469,40119040,40120220,40121487,40125263,40126042,40141242,40151828,40154188,40155502,40165634,40166968,40172048,40172554,40176974,40181430,40183393,40184091,40189536,40193525,40194656,40197651,40198570,40199579,40199596,40205577,40230294,40230839,40234516,40245231,40247235,40247434,40267486,40275442,40282097,40289044,40297787,40300211,40303671,40308733,40313395,40315754,40342189,40346879,40354382,40355166,40355375,40355694,40382262,40383853,40393024,40396358,40409812,40413072,40414060,40417552,40417996,40431157,40443156,40445243,40453442,40453477,40455316,40463119,40478180,40480414,40486921,40500808,40512464,40516119,40522536,40536479,40537376,40565901,40569251,40570588,40572691,40579053,40583328,40586672,40593087,40599510,40606487,40620247,40620372,40624332,40632512,40632556,40632964,40632997,40640254,40644548,40645786,40648927,40652717,40688683,40689039,40700485,40704891,40711469,40717467,40717779,40735750,40738143,40742314,40755505,40759847,40767799,40768643,40772096,40774339,40776023,40796896,40818008,40819782,40831078,40841828,40845914,40854946,40857669,40862518,40875394,40894591,40896383,40903264,40908205,40914769,40921163,40940064,40964146,40990006,41036774,41038486,41043726,41052671,41054447,41059449,41067189,41068816,41072022,41082614,41083609,41083656,41087636,41087971,41088095,41097559,41097758,41099804,41100065,41105718,41108190,41108239,41111075,41113559,41131887,41134291,41139180,41166726,41170223,41185730,41187865,41187885,41189514,41192600,41193655,41231631,41231790,41235143,41238619,41251734,41261682,41266928,41281904,41282993,41286957,41297749,41306112,41324802,41326157,41328676,41330905,41331375,41331554,41331805,41339300,41339855,41350944,41365254,41370275,41384804,41385896,41387870,41392266,41395469,41397188,41411559,41418584,41421417,41436415,41452841,41468430,41473904,41474586,41489513,41495307,41517080,41523838,41525598,41530281,41530987,41543723,41550050,41550560,41560852,41566879,41566903,41573067,41587946,41594010,41595927,41604610,41604711,41604861,41605454,41612062,41612653,41615351,41617387,41637881,41640973,41665596,41676207,41682945,41683783,41698199,41733426,41738955,41741204,41745941,41754923,41772879,41776534,41781825,41800120,41859935,41861114,41862196,41866749,41870465,41872703,41891299,41913445,41928277,41929974,41951724,41966492,41968235,41970675,41984980,41989437,41990950,42008602,42012123,42013732,42025954,42034278,42034647,42039296,42040087,42042990,42052927,42080210,42081503,42085466,42097199,42117659,42130117,42132118,42135734,42138752,42143653,42158625,42161734,42176144,42181145,42182621,42184304,42193154,42207206,42208287,42231303,42233407,42239249,42242485,42249511,42251571,42251860,42252057,42256030,42258310,42266327,42283288,42284237,42284302,42284488,42286108,42289519,42336038,42337194,42346539,42347924,42391791,42391807,42403641,42407042,42407853,42412981,42435926,42438668,42447102,42453521,42455071,42472468,42473374,42518365,42520971,42527825,42537784,42548981,42552406,42554484,42554986,42558175,42579476,42597963,42607877,42627219,42631865,42632271,42662371,42665721,42670231,42686541,42700305,42710842,42722560,42728288,42728856,42731615,42735644,42735676,42739444,42741043,42751409,42751920,42752363,42753425,42755097,42765855,42769358,42778795,42779733,42820776,42824321,42825119,42831949,42840220,42848400,42855131,42857413,42864269,42864464,42866244,42867015,42867591,42870277,42870574,42872393,42872749,42876055,42876533,42880857,42882542,42882735,42883853,42887274,42895992,42903195,42904451,42905052,42905655,42909129,42910174,42923630,42938973,42940241,42948698,42951354,42963349,42968528,42969903,42971082,42972204,42973082,42987964,42988711,42990769,42991365,43002501,43005003,43005891,43007326,43009178,43023710,43039140,43041876,43046034,43048239,43058752,43062488,43076369,43077544,43078363,43088004,43094386,43094839,43095271,43097826,43101082,43106317,43106652,43109934,43111554,43116878,43130235,43132117,43134244,43135310,43136478,43136507,43138350,43140152,43140270,43141971,43143144,43143962,43146882,43147857,43152940,43167861,43168053,43171705,43176483,43178961,43184084,43189333,43190915,43192625,43194785,43196565,43208644,43213419,43214265,43214473,43218788,43223537,43225319,43227282,43228425,43232471,43236149,43240087,43248351,43255401,43258618,43282250,43289948,43295351,43297328,43300799,43304954,43305328,43307319,43310104,43310187,43314990,43315637,43316185,43320320,43324274,43332682,43337004,43338505,43346333,43346648,43348060,43350146,43353060,43354587,43356581,43360028,43360059,43363951,43363987,43364058,43378226,43380469,43381402,43386994,43394435,43397911,43399295,43399427,43401517,43416628,43419741,43421416,43421566,43429238,43430366,43432602,43433650,43434788,43438753,43445857,43446434,43446694,43447002,43449112,43449635,43450264,43452171,43454075,43455180,43456182,43457133,43460053,43466645,43481014,43486622,43489591,43506532,43507859,43517144,43533460,43536968,43537719,43543738,43545361,43551507,43556838,43557990,43561378,43562722,43563825,43582412,43595660,43619378,43623641,43629209,43629604,43632672,43635882,43638138,43659378,43660458,43663252,43669342,43672068,43688651,43689288,43690646,43691243,43692768,43693035,43702132,43704190,43706147,43710893,43718391,43722589,43731092,43738675,43739234,43754788,43755793,43763134,43766382,43773031,43773072,43775089,43777723,43779550,43783035,43783174,43799328,43802992,43804842,43808238,43808255,43809035,43816153,43826015,43830061,43837254,43837812,43840455,43849376,43850044,43856753,43862071,43864582,43867612,43871678,43872810,43873032,43876215,43903206,43903217,43904896,43908999,43909872,43917770,43920351,43922476,43923139,43923784,43928938,43930788,43930962,43936399,43942649,43944289,43956816,43958859,43967453,43968395,43969899,43975534,43979349,43984526,43986615,44014717,44018871,44021517,44021833,44024646,44026424,44027275,44027953,44034737,44036531,44041115,44058762,44078159,44080455,44084821,44095657,44096182,44097660,44097989,44098057,44102749,44103886,44104925,44114668,44135945,44137702,44139342,44143682,44146947,44149931,44162983,44163275,44166656,44168116,44169937,44173325,44179833,44190273,44194151,44194307,44194404,44207165,44211575,44228049,44231196,44235188,44236485,44236510,44239453,44241790,44244812,44244920,44248091,44251269,44254195,44254260,44255026,44256896,44271057,44272377,44273929,44275514,44275546,44281506,44283262,44285614,44290009,44305784,44309208,44312434,44316837,44318170,44318635,44319061,44320169,44323821,44324686,44354054,44354653,44355865,44359948,44373714,44393099,44401540,44406153,44407899,44413969,44429264,44431204,44432068,44434254,44435028,44435429,44442453,44443650,44444317,44448170,44449431,44479997,44484144,44489290,44492433,44496438,44497060,44498845,44499862,44500372,44510211,44515077,44515930,44516359,44518474,44524415,44524642,44563327,44565936,44566891,44569986,44574638,44590616,44592477,44594762,44599687,44600259,44619883,44627574,44638025,44639797,44650569,44651926,44653167,44664612,44664904,44666388,44667827,44680640,44687033,44687882,44689604,44689927,44690957,44696442,44702302,44707731,44715122,44715693,44719930,44721763,44722081,44724406,44730471,44736313,44749161,44751323,44754619,44764529,44766955,44780340,44783158,44791176,44794977,44796860,44800686,44806122,44806688,44808789,44813259,44822941,44842533,44843411,44843778,44852494,44852869,44854607,44854809,44861461,44882218,44894140,44895996,44905763,44908338,44913618,44926500,44936406,44944741,44947766,44954645,44960081,44964428,44966034,44966710,44976870,45000551,45002854,45010757,45015121,45029911,45036968,45050530,45053517,45053631,45067145,45080496,45107669,45126096,45126819,45126882,45130091,45143523,45145774,45152348,45159560,45165059,45165946,45173273,45184051,45195524,45206172,45206433,45206583,45209015,45210595,45213363,45216999,45224761,45228480,45234510,45234794,45247464,45249756,45263490,45273559,45273716,45280898,45281147,45301125,45322838,45327184,45328484,45330574,45331254,45335506,45336380,45339983,45341134,45345802,45351345,45352029,45360735,45362421,45364137,45365776,45367347,45368935,45373732,45375606,45377184,45381858,45382107,45389198,45391666,45398948,45401134,45410426,45417526,45424625,45441113,45441362,45441784,45442902,45445697,45446247,45446248,45446386,45451233,45451707,45454790,45457610,45458996,45464486,45467837,45477331,45479351,45483356,45490731,45494685,45499034,45506485,45507701,45520024,45522045,45524436,45534062,45534756,45535146,45538383,45540093,45544827,45546080,45546246,45549799,45552758,45562964,45577186,45577384,45586914,45588917,45589604,45589824,45590139,45592813,45618779,45621191,45624221,45628496,45629905,45635111,45643097,45644628,45664912,45676038,45677427,45679904,45682158,45685993,45703336,45704011,45705982,45713653,45716187,45719639,45720262,45721500,45728287,45737118,45739278,45741727,45745458,45755309,45762220,45762754,45767377,45778751,45779379,45779924,45780870,45800449,45809735,45809890,45810456,45816911,45817443,45818528,45823608,45826579,45829037,45833116,45834036,45835679,45837203,45840502,45842970,45844175,45844543,45845323,45845513,45846967,45858563,45859664,45862539,45865795,45866455,45876463,45876609,45877722,45877951,45881785,45884281,45885603,45899860,45901346,45902429,45905467,45931960,45938697,45940381,45943075,45958915,45959895,45960035,45962350,45964126,45975220,45975916,45979690,46010383,46022120,46024212,46025248,46025594,46032299,46033626,46035780,46036869,46038483,46044105,46052983,46059151,46059367,46064559,46071079,46071596,46074737,46076967,46077338,46083594,46092802,46094122,46094448,46099450,46099875,46100312,46100414,46100734,46105430,46105803,46106846,46107727,46112248,46126323,46137442,46138405,46139574,46140900,46151574,46152865,46153823,46155456,46158518,46160313,46167722,46171314,46174288,46177417,46179212,46185655,46187299,46190054,46191608,46193667,46193760,46198653,46206951,46211767,46211813,46215502,46218126,46218204,46228970,46230224,46233574,46234231,46238239,46245912,46249013,46254250,46254587,46256263,46256316,46256931,46257051,46260821,46261556,46270513,46277727,46289887,46293962,46294262,46296884,46303785,46306671,46315864,46320621,46333103,46336514,46339194,46339538,46340653,46346621,46351996,46363888,46380625,46388627,46400423,46402713,46404198,46404932,46414590,46419804,46422548,46428126,46437345,46438810,46449677,46450359,46454225,46457109,46459903,46500073,46502752,46506519,46512388,46533925,46537693,46545520,46546434,46550853,46570550,46575337,46594413,46616239,46632723,46638849,46641528,46645910,46649293,46654082,46670353,46677855,46691315,46693719,46694028,46712850,46714157,46736471,46738506,46740153,46756783,46757654,46778591,46778695,46781989,46785557,46786257,46788546,46789452,46791616,46794956,46801002,46801697,46804205,46813883,46832600,46845164,46863243,46871989,46883156,46884846,46886642,46890584,46893874,46893978,46905559,46906621,46916958,46919687,46922014,46923706,46924601,46926821,46927820,46931113,46931870,46934666,46936878,46950569,46957057,46972354,46978425,47000511,47017952,47032730,47047265,47048112,47063561,47064294,47090480,47094048,47097219,47097452,47099728,47100213,47103887,47112211,47134195,47135479,47139112,47139751,47149372,47156232,47159020,47176982,47177177,47177546,47182425,47195191,47195761,47197036,47197237,47198437,47199066,47202385,47209367,47224031,47231005,47232363,47234931,47237446,47239243,47239952,47246676,47258266,47261997,47266807,47271129,47273296,47290724,47302728,47307318,47307621,47320976,47321969,47325833,47327205,47328071,47332537,47335938,47337433,47340745,47348233,47358531,47360176,47361506,47364319,47374204,47374449,47383680,47383788,47392905,47395450,47396297,47403718,47404009,47404094,47425659,47426102,47426263,47428407,47429441,47430187,47431537,47434684,47449879,47451151,47457820,47458912,47459588,47462761,47468597,47468905,47484937,47509853,47512185,47512388,47516442,47518663,47527266,47538168,47557612,47558379,47561562,47561963,47563871,47564768,47564819,47574769,47579593,47583416,47588512,47589535,47592484,47603429,47605005,47606039,47606411,47608512,47615328,47616953,47617361,47620761,47625250,47626490,47628646,47629041,47629860,47641763,47644375,47645558,47656873,47680314,47682218,47684493,47686869,47691434,47692769,47694078,47710183,47711925,47712105,47713186,47724703,47726980,47740963,47742767,47744285,47744639,47747024,47749943,47751040,47753869,47756204,47765082,47769948,47804435,47816915,47832633,47835425,47835750,47839845,47841500,47844174,47846325,47847001,47858442,47858934,47860889,47864286,47864802,47864917,47864921,47867079,47869815,47870598,47872560,47878732,47879495,47880783,47881503,47882106,47882292,47883812,47900925,47902639,47902697,47906349,47912280,47918387,47919834,47925131,47928408,47936021,47942652,47944869,47951014,47952256,47953996,47967672,47968394,47982878,47984870,47990291,47993939,48003431,48005862,48010360,48012439,48012604,48024876,48028556,48029624,48029812,48032707,48034038,48035895,48043603,48048607,48049156,48053597,48065812,48092792,48093351,48094471,48104161,48108432,48109972,48110265,48110470,48111800,48123233,48125029,48127210,48142958,48145251,48147758,48149276,48157720,48160274,48164677,48177913,48180774,48180978,48193846,48196710,48196741,48196801,48197121,48200808,48208146,48208490,48210078,48211380,48215058,48216088,48228934,48233029,48234861,48236805,48237094,48240363,48242641,48243536,48244396,48248780,48249336,48256984,48259363,48262922,48265694,48283153,48289562,48300898,48303842,48305373,48309710,48315577,48316591,48320844,48330326,48331580,48331642,48332983,48334115,48335598,48340743,48348119,48348801,48351688,48352328,48352619,48353528,48359147,48367485,48370947,48371584,48371624,48371924,48372115,48383599,48385876,48393110,48394603,48396312,48399709,48416107,48416913,48419639,48420785,48423432,48425819,48432449,48442649,48452520,48452785,48453095,48462018,48462832,48463506,48463927,48465418,48467940,48467990,48468298,48471716,48471894,48478790,48480263,48492786,48519110,48520002,48530541,48545132,48549442,48554176,48557824,48558249,48559451,48560207,48562799,48563061,48574693,48577561,48581918,48584236,48584923,48590727,48591998,48595601,48596775,48604052,48606493,48608338,48619138,48622266,48626482,48626946,48636376,48639468,48640200,48657375,48668666,48674486,48676427,48680482,48681406,48684932,48690808,48697806,48699105,48699782,48703374,48707471,48709638,48711274,48716087,48719826,48724836,48727352,48727901,48730288,48739567,48756665,48757140,48757576,48765244,48770885,48771642,48773419,48782422,48782533,48783456,48783625,48783857,48785177,48785368,48793977,48801584,48802699,48812477,48824784,48825390,48825815,48829727,48836954,48843322,48846563,48847008,48849782,48850220,48853806,48854757,48856594,48859252,48869912,48874939,48888484,48891744,48914494,48916377,48916944,48919029,48920968,48922756,48928129,48937429,48943311,48948463,48956749,48958925,48962933,48972701,48973953,48979710,48979824,48980906,48981594,49008689,49009327,49011750,49011848,49012450,49012843,49015207,49024473,49026184,49026304,49027691,49045980,49046638,49053018,49054155,49055500,49059536,49060350,49062982,49067500,49072055,49072654,49077779,49078643,49081404,49089025,49099867,49102593,49103410,49103577,49108146,49112574,49114640,49130838,49134619,49136186,49142369,49150325,49152056,49152592,49153521,49154901,49155094,49155312,49156624,49158530,49159691,49160286,49160333,49160681,49165213,49165900,49166226,49168884,49175238,49177943,49178652,49184853,49190362,49191134,49196300,49199916,49202693,49203098,49206589,49208347,49209522,49210281,49225726,49228359,49236020,49238319,49245231,49257096,49258948,49263414,49271185,49278648,49281692,49283808,49286214,49290040,49293171,49300522,49302796,49303944,49311172,49329357,49331730,49346516,49347176,49347467,49348764,49350957,49354428,49374531,49381062,49381153,49390492,49394382,49400310,49403752,49405319,49417030,49418752,49421083,49436500,49443220,49444329,49447526,49453339,49454217,49455681,49462569,49465203,49466038,49469274,49471878,49480561,49493083,49494979,49496405,49496705,49497484,49499229,49505412,49506568,49516922,49518637,49521391,49523130,49525392,49540518,49543224,49550675,49550724,49555794,49556724,49560953,49564156,49565123,49566087,49568012,49569346,49573789,49584063,49588006,49593659,49627659,49649711,49652519,49653140,49669569,49670547,49676402,49678086,49692003,49693694,49694225,49709717,49710204,49721318,49746430,49756794,49775296,49790298,49794032,49806667,49810802,49835158,49840634,49843803,49848739,49853506,49867389,49879345,49881219,49881547,49887673,49890087,49891346,49891805,49902848,49914327,49919418,49932726,49941641,49956422,49958016,49991021,49997952,50036834,50037396,50038266,50038364,50056322,50056363,50058226,50062487,50063274,50063441,50063910,50065065,50086821,50094289,50105491,50117251,50118334,50127037,50127442,50129471,50137767,50168713,50177555,50180818,50192498,50195274,50202732,50213575,50214915,50277088,50280009,50286482,50288819,50289727,50289940,50290438,50293763,50307849,50316846,50329733,50333065,50336831,50341707,50373189,50394190,50411848,50413651,50414189,50449577,50458192,50467105,50475306,50493399,50502061,50509042,50515664,50516912,50586184,50596023,50603679,50625133,50625535,50638537,50650333,50665485,50667810,50681549,50705176,50714064,50720170,50763260,50784440,50792115,50798332,50809873,50812121,50834091,50873064,50902387,50928715,50930980,50942295,50991716,51030378,51154542,51202931,51314704,51555986,51575565,51613519,51627821,51633093,51701475,51873792,51901993,51947556,52001487,52071410,52115260,52146958,52151314,52282466,52344324,52497620,52679608,52714106,52882955,53043198,53071414,53082888,53134979,53152037,53250053,53351872,53359071,53368427,53371611,53407269,53565582,54048518,54072626,54155637,54161751,54380479,55257023,55273856,55410873,55508391,55673938,55731661,55763193,56163084,56230621,56257314,56515956,56579318,56805597,56831264,56840023,56954986,56970379,57213241,57942252,58416561,58849274,59018787,59021568,60483642,62325319,64533966,66972704,67721287,68607650)


--Rollback Script:- 
update T_Job set Deleted = 0 ,Modified  = getdate() where CompanyId =1815 
and  SentDate > ='2016-01-01' and SentDate <= '2016-12-31' and Deleted = 1

update T_Application set Deleted = 0 , Modified = getdate() where CompanyId = 1815 and JobId in 
(select Id from T_Job (nolock) where CompanyId = 1815 and SentDate > ='2016-01-01' and SentDate <= '2016-12-31' and Deleted = 1)

update T_Candidate set ApplicationCount = ApplicationCount+1  where CompanyId =1815 and id in (13961495,13961542,13961696,13961888,13992384,14013208,14018634,14024607,14039963,14052813,14072612,14081191,14084744,14103028,14134823,14152103,14159321,14192769,14202515,14250293,14254435,14263028,14263763,14267151,14272348,14280925,14287245,14306712,14312143,14316152,14321664,14324174,14340722,14354071,14374788,14387915,14390397,14422402,14424057,14428817,14439863,14442059,14445616,14468462,14481142,14512605,14513029,14527373,14627635,14634509,14643484,14652047,14658781,14666283,14666880,14668116,14668213,14668229,14668240,14668242,14668297,14668337,14668380,14668388,14668445,14668474,14668531,14668552,14668567,14668573,14668640,14668655,14668679,14668750,14668752,14668794,14668799,14668819,14668825,14668861,14668876,14668877,14668897,14668917,14668971,14669017,14669039,14669047,14669083,14669118,14669151,14669203,14669238,14669292,14669359,14669376,14669387,14669431,14669452,14669476,14669531,14669617,14669661,14669688,14669712,14669752,14669845,14669881,14669918,14669928,14669934,14669939,14669947,14670004,14670009,14670036,14670059,14670111,14670173,14670267,14670274,14670631,14670632,14670740,14670743,14670745,14671712,14671715,14671719,14671807,14671838,14671908,14671923,14671931,14672032,14672035,14672036,14672049,14672074,14672086,14672166,14672194,14672231,14672267,14672345,14672351,14672457,14672506,14672536,14672566,14672608,14672673,14672786,14672877,14672878,14672879,14672910,14672912,14672919,14673001,14673080,14673083,14673106,14673134,14673201,14673236,14673250,14673261,14673265,14673326,14673357,14673417,14673473,14673591,14673596,14673660,14673763,14673851,14673854,14673922,14674044,14674096,14675702,14676150,14681621,14684111,14685151,14687671,14702302,14703239,14717855,14724701,14738103,14740939,14755810,14761808,14764217,14792339,14804546,14816175,14862208,14874579,14902456,14911080,14912574,14914290,14938272,14938430,14940854,14945324,14961530,14961579,14961614,14961616,14961632,14961652,14961686,14961690,14961703,14961757,14961785,14961854,14961856,14961858,14961864,14961869,14961894,14961933,14961976,14961990,14962071,14962143,14962158,14962180,14962198,14962207,14962235,14962324,14962340,14962381,14962383,14962401,14962435,14962468,14981832,14981833,14981837,14981869,14981916,14981923,14981957,14981988,14982051,14982055,14982068,14982116,14982154,14982155,14982218,14982271,14982293,14982312,14982315,14982369,14982425,14982429,14982461,14982478,14982556,14982557,14982577,14982581,14982660,14982663,14982680,14983278,14983293,14983307,14983347,14983438,14983456,14983536,14983539,14983574,14983587,14983634,14983702,14983708,14983714,14983735,14983740,14983749,14983751,14983824,14983838,14983888,14983923,14983930,14983944,14983948,14983956,14983960,14983972,14984019,14984022,14984928,14984987,14984990,14985031,14985060,14985066,14985116,14985120,14985192,14985215,14985267,14985278,14985291,14985297,14985329,14985334,14985336,14985346,14985354,14985357,14985359,14985399,14985741,14985750,14985790,14985793,14985807,14985823,14985845,14985903,14985945,14985959,14985979,14986018,14986075,14986087,14986135,14986157,14986160,14986168,14986182,14986298,14986315,14986325,14986350,14986367,14986396,14986467,14986540,14986559,14986567,14986596,14986668,14986687,14986750,14986765,14986847,14986868,14986873,14986908,14987020,14987090,14987139,14987179,14987182,15004551,15004559,15004643,15004749,15004768,15004815,15004835,15004867,15005002,15005112,15005121,15005145,15005202,15005244,15005280,15005299,15005629,15005752,15005767,15005768,15005817,15005840,15005846,15005866,15005874,15005895,15005911,15005915,15006253,15006282,15006303,15006410,15006477,15006491,15006522,15006556,15006576,15006578,15006650,15006654,15006678,15006740,15006786,15006871,15006923,15006925,15006937,15007005,15007337,15007341,15007366,15007401,15074024,15118514,15119570,15197988,15225241,15251344,15251877,15254898,15257586,15283240,15293309,15303470,15306187,15307964,15334444,15344444,15391091,15391843,15427331,15461056,15461880,15463290,15470002,15482888,15508085,15512123,15562906,15567796,15590376,15607526,15650710,15681679,15707127,15731132,15738250,15738858,15743652,15783604,15795488,15804994,15821988,15839810,15868356,15894405,15906507,15910776,15922878,15931323,15956049,15964222,15979823,15994064,16018106,16024361,16064957,16098028,16113235,16113939,16128032,16172140,16181604,16184614,16185778,16204053,16222191,16226493,16229888,16255233,16255391,16260839,16275950,16279096,16290933,16310085,16314332,16315584,16316169,16321838,16364797,16365525,16378925,16382258,16404572,16410109,16438968,16444808,16446018,16470769,16474475,16477730,16536820,16538718,16548693,16564991,16592905,16599887,16620895,16629022,16664091,16677493,16685885,16697107,16698001,16791948,16862072,16885652,16886273,16887575,16888554,16938117,16950552,16981135,17015955,17016290,17041373,17067994,17120541,17159719,17159807,17195228,17208114,17219448,17248916,17289702,17297636,17356960,17359228,17379568,17379888,17380489,17435564,17446665,17467821,17538617,17545798,17564017,17564745,17573182,17845712,17886640,18029973,18063339,18112864,18122485,18133355,18143423,18170924,18297690,18317933,18338905,18339489,18806764,18949496,19052739,19900824,20268796,20786745,20790333,20792466,20795723,20797942,20811548,20814480,20821748,20849438,20867635,20904305,20958674,20961494,20990441,21113740,21293094,21361248,21370760,21391010,21402777,21404284,21422574,21487155,21631942,21685988,21715793,21719947,21735078,21740731,21782485,21788923,21806854,21812692,21813547,21822212,21859748,21867382,21957446,21981233,22029083,22040925,22066263,22094560,22183889,22229409,22259783,22269364,22292442,22300328,22313972,22355420,22459763,22474126,22491270,22496951,22538883,22543071,22598448,22618538,22644898,22647150,22775256,22826780,22833230,22875250,22908121,23008180,23021488,23040796,23042228,23056358,23070875,23084008,23086588,23096454,23131635,23240176,23242996,23277594,23281997,23293301,23333753,23375638,23386572,23398608,23410168,23421162,23430064,23433099,23470977,23472465,23503417,23505699,23521270,23614250,23650949,23657692,23660819,23670376,23674575,23699637,23703735,23709584,23718124,23728999,23736466,23748162,23748927,23780948,23784305,23787480,23803220,23808488,23814264,23814313,23816375,23825719,23825880,23830770,23831903,23840749,23857475,23869442,23871803,23885222,23914848,24026587,24078297,24078910,24084905,24107819,24110512,24141459,24142686,24231897,24234605,24235953,24237470,24243516,24282777,24284329,24300642,24310747,24330168,24334319,24335020,24344161,24351976,24360410,24364913,24366589,24386081,24391951,24396924,24440229,24479945,24485463,24489390,24520126,24552017,24558528,24643115,24650815,24653294,24698491,24699853,24730136,24740599,24755263,24771559,24786700,24807942,24846930,24870850,24875643,24888488,24914762,25006901,25007055,25008389,25044871,25095588,25107458,25115957,25118160,25155696,25240799,25294975,25296478,25343271,25384016,25395024,25413052,25459083,25507095,25572614,25578986,25583102,25639382,25705220,25712472,25715984,25739198,25754376,25759360,25775307,25798365,25819202,25864981,25878534,25914563,25977182,25999902,26019939,26041838,26044219,26051409,26100863,26155588,26168179,26170137,26191734,26195060,26215563,26222264,26237512,26250500,26253769,26266139,26331631,26331717,26340086,26345514,26365726,26378345,26387637,26417935,26419808,26470987,26485398,26485551,26505887,26513795,26530269,26565627,26598767,26621587,26641360,26670207,26673414,26753543,26769327,26787862,26836662,26839668,26859381,26883114,26883354,26909739,26911320,26923362,26959841,26961536,26975707,26980449,27021503,27025691,27025885,27040720,27045802,27050841,27053701,27092304,27105278,27108024,27117890,27118653,27161770,27167882,27172211,27187805,27197746,27202875,27208893,27211651,27216338,27221045,27234972,27250859,27289189,27292267,27302742,27303780,27317746,27352363,27353011,27353323,27358454,27359477,27395712,27415426,27440553,27453548,27464207,27478438,27502984,27531014,27588437,27590507,27624555,27650901,27651235,27657973,27706253,27720998,27730001,27738667,27750762,27764209,27773634,27822205,27843707,27850334,27856804,27865005,27904796,27921295,27922470,27957342,27972547,27975910,28021372,28026309,28030287,28033602,28091470,28101920,28107128,28108414,28181337,28212223,28264925,28298717,28305336,28345497,28408813,28414571,28424216,28426233,28426241,28430259,28482259,28495714,28593683,28609969,28658667,28665683,28668242,28670574,28688323,28691537,28698743,28703254,28704044,28727511,28733693,28738503,28740047,28741845,28766335,28767958,28798620,28809528,28824691,28840100,28849091,28870619,28873229,28882735,28886994,28907025,28964230,28982070,28989512,29022303,29025203,29031414,29059270,29065132,29078504,29092616,29100876,29104369,29126791,29163318,29200987,29205380,29209771,29211847,29235414,29251223,29299982,29325333,29335150,29343305,29343764,29345460,29350266,29359564,29364715,29376863,29378183,29382913,29394510,29399239,29404220,29416543,29416727,29420445,29426396,29440050,29442171,29446163,29467878,29469081,29507402,29510072,29537749,29538223,29590566,29599319,29606555,29630576,29652349,29652394,29653831,29655800,29660076,29663567,29689294,29712189,29817658,29851368,29861954,29870573,29876653,29878045,29900782,29904884,29906481,29923340,29980567,29981606,29997980,30021351,30042805,30059402,30065913,30067947,30080890,30086615,30114310,30121568,30122801,30122938,30145801,30146952,30178832,30202887,30229261,30283482,30283644,30284333,30294632,30318009,30319416,30327500,30332859,30363316,30378495,30390839,30421682,30426224,30430374,30442693,30456829,30502118,30568575,30571408,30624247,30625402,30634610,30649786,30664413,30699827,30729935,30733385,30744924,30751941,30781550,30812284,30819865,30844502,30871112,30913281,30955752,30959350,30981544,30998278,31022593,31026261,31030079,31031180,31039022,31060719,31076346,31093526,31178966,31229407,31229860,31236387,31256667,31302854,31309661,31310580,31315169,31316719,31355327,31372069,31373771,31386977,31411268,31447362,31447942,31448838,31469440,31482965,31484380,31499273,31500254,31508425,31565036,31578214,31581072,31611044,31626117,31647915,31659073,31663621,31700359,31743456,31745562,31763177,31763406,31771173,31783258,31783754,31799849,31851169,31860495,31880186,31900912,31941505,31944188,31978432,32113002,32150661,32157584,32159861,32263568,32267936,32312405,32325227,32325473,32327282,32331786,32338936,32346546,32347115,32349906,32353238,32379879,32388315,32389543,32393006,32397864,32399390,32400017,32429534,32455972,32468360,32492700,32493804,32512819,32519588,32524029,32526023,32545462,32549190,32557823,32574870,32578272,32624506,32624924,32629649,32631127,32645950,32672665,32676285,32679308,32679414,32685503,32686076,32697983,32700443,32717196,32735912,32748691,32750181,32781654,32793530,32801206,32813822,32815892,32819876,32820499,32822135,32822858,32851492,32870895,32913210,32913889,32921534,32935515,32940439,32949466,32959953,32983161,32991208,32991486,32994496,32995916,32996722,32997822,33009862,33024130,33040697,33096336,33101761,33133103,33135505,33138292,33152304,33163690,33180018,33217452,33236803,33259083,33285819,33286738,33339617,33367826,33388755,33397478,33399122,33401293,33404261,33425087,33426935,33435008,33441542,33484079,33484195,33489702,33490024,33495468,33517559,33534525,33569955,33572497,33572508,33589327,33591190,33600693,33600966,33609086,33620753,33655806,33656029,33657316,33685776,33690428,33702796,33705334,33707818,33713848,33721633,33742560,33764443,33766399,33798196,33836294,33841014,33847028,33863857,33865131,33873106,33875012,33893716,33894299,33896293,33910174,33914889,33942650,34027195,34028598,34036092,34039417,34066368,34096835,34104503,34153901,34156620,34161757,34197657,34218024,34223481,34248696,34252143,34258564,34291013,34301607,34359142,34397699,34418805,34419225,34449190,34455897,34471512,34473162,34484265,34485962,34487567,34498160,34504914,34510521,34544733,34551017,34552241,34561611,34562603,34574850,34576502,34586444,34587018,34595301,34595709,34596930,34619254,34633550,34653066,34669602,34674475,34684662,34697666,34698217,34722994,34751406,34832659,34834185,34842334,34858978,34879817,34910122,34931426,34944589,34946945,34997808,34997979,35042318,35052461,35054146,35064050,35064649,35081493,35104745,35127597,35127867,35128664,35129090,35130619,35132457,35204375,35250133,35268339,35269860,35310686,35311081,35312190,35345997,35353702,35361754,35378964,35399986,35407184,35408773,35416081,35430680,35444958,35488735,35490053,35491673,35500250,35508975,35524076,35531131,35551540,35557472,35570831,35576501,35581634,35595500,35607328,35619427,35648089,35653421,35659537,35679292,35684529,35686424,35687534,35695782,35696858,35705057,35713981,35714649,35715748,35722801,35730273,35736510,35740813,35755175,35767901,35775121,35782138,35813209,35817097,35817341,35824788,35830281,35833974,35865479,35867361,35875547,35876814,35897532,35901668,35918011,35940936,35974612,35992474,35994604,35999218,36000973,36026744,36043900,36044244,36076056,36093681,36094339,36108995,36121773,36123286,36139279,36152407,36177753,36185785,36206419,36209636,36219636,36220945,36226177,36249725,36249749,36270652,36271243,36282750,36283803,36294685,36298271,36301571,36302634,36319968,36337244,36345662,36360128,36368015,36373258,36377629,36384563,36396284,36400421,36405387,36429023,36450449,36463206,36464301,36484341,36484619,36495858,36496924,36529123,36562102,36565843,36591866,36599163,36600796,36601143,36601580,36607050,36628330,36629953,36680420,36680650,36684352,36690177,36697521,36704934,36723203,36734451,36736612,36751467,36764759,36768796,36785880,36800092,36815857,36824595,36843516,36846590,36852666,36859012,36882070,36890688,36913299,36915190,36915688,36948917,36973556,36980080,37066675,37074136,37109157,37112941,37117796,37122677,37135932,37137902,37138261,37139804,37145679,37146231,37148515,37155234,37165719,37169904,37174882,37175347,37175529,37179557,37183979,37184570,37192926,37197172,37214137,37215476,37221188,37229404,37260998,37262765,37264281,37284098,37288091,37289584,37292677,37304471,37306072,37340148,37347235,37369218,37384836,37385264,37385960,37386034,37386938,37389800,37396574,37396612,37400235,37404406,37418248,37423172,37433165,37434232,37436712,37441275,37450379,37471570,37493988,37503148,37508580,37509558,37516692,37525070,37536041,37537788,37542058,37551379,37570969,37570987,37576569,37594012,37600076,37615092,37622882,37640987,37646557,37659657,37669067,37671583,37672257,37673403,37691716,37695768,37717624,37718722,37724776,37724787,37727218,37731174,37731647,37740934,37744940,37758234,37758780,37764623,37765160,37771684,37773189,37781249,37781621,37784359,37786051,37788945,37789348,37790561,37794285,37801675,37809488,37810390,37818696,37820471,37820898,37823163,37831133,37835105,37836216,37840772,37841385,37842038,37846936,37847194,37852921,37857274,37860431,37868263,37880170,37885973,37897517,37897741,37932285,37932675,37942238,37943741,37944035,37946287,37947248,37954045,37959136,37976377,37979602,37989088,37994040,38007058,38008273,38012486,38018339,38020301,38021699,38029098,38054983,38069685,38070853,38086929,38101121,38106572,38109363,38110812,38118961,38133066,38134058,38134630,38144097,38148539,38177969,38179462,38184193,38185461,38191274,38191522,38192371,38193351,38205877,38208113,38212124,38213254,38226395,38253132,38257064,38270717,38274503,38282897,38283371,38290305,38291850,38296353,38297817,38300306,38310252,38316607,38324853,38327074,38332231,38333621,38335619,38336988,38373512,38375031,38378445,38379471,38380069,38382460,38385727,38385874,38395640,38412861,38419110,38429785,38430555,38431010,38450931,38451857,38452424,38467827,38468990,38470476,38471326,38471477,38479417,38487339,38490527,38497462,38498766,38499152,38501524,38501944,38504593,38507789,38524500,38526617,38527864,38531103,38534859,38541446,38542642,38545374,38548730,38550476,38552113,38557312,38587864,38588139,38591219,38595676,38598173,38603466,38613652,38614620,38617596,38635858,38640496,38641597,38644019,38654791,38655951,38658146,38663167,38663568,38668708,38671475,38672868,38680343,38681171,38681824,38681936,38682825,38684637,38692758,38701911,38703562,38705143,38721301,38721401,38724152,38725642,38730743,38740367,38743757,38749276,38750546,38750954,38751778,38751779,38754949,38768733,38771773,38774761,38775342,38775762,38782146,38784316,38785866,38788277,38794030,38800769,38823524,38826659,38827222,38831159,38834230,38836517,38837425,38840501,38841970,38842604,38842679,38853477,38864716,38868874,38870454,38878232,38878680,38885856,38890236,38891093,38904699,38909592,38912775,38923371,38926654,38927749,38929701,38930566,38937166,38937586,38946370,38947284,38953608,38955591,38958350,38963859,38978378,38987566,38996564,39010291,39011943,39013297,39014068,39015979,39017468,39021062,39023511,39026879,39028738,39029819,39044121,39044474,39056037,39056517,39060165,39065548,39067481,39067695,39070333,39081259,39093389,39101252,39102793,39107954,39115017,39123189,39125559,39125921,39126784,39130048,39130914,39131348,39133598,39145501,39150580,39160457,39161531,39162213,39169647,39193741,39195576,39202814,39210212,39232143,39236307,39238051,39244001,39261674,39270155,39270393,39276539,39276662,39282109,39293248,39299887,39315652,39315685,39316667,39324093,39324480,39331355,39332143,39360322,39379251,39399429,39402456,39408390,39410184,39420359,39424295,39436157,39456928,39457623,39467805,39478190,39482950,39493222,39494637,39510411,39516464,39520508,39522251,39532018,39536028,39539194,39550942,39566085,39571608,39579205,39589853,39600654,39601602,39606732,39613068,39614732,39622116,39632023,39632808,39644593,39652392,39657158,39661281,39664349,39673480,39676274,39682701,39690387,39690513,39702859,39710913,39713640,39740413,39760191,39761770,39763065,39765515,39769193,39769821,39778253,39788935,39795044,39805908,39813119,39817535,39818826,39823789,39842079,39842480,39844126,39848123,39849825,39852406,39853086,39855629,39857847,39858173,70842804)

update T_Candidate set ApplicationCount = ApplicationCount+1  where CompanyId =1815 and id in (36530661,39865606,39882668,39884090,39885015,39886965,39889045,39907356,39916801,39921252,39930782,39941377,39948270,39960509,39973838,39983549,39987124,39988978,39989267,39990418,39991039,39991461,39991925,39992492,39993394,40005881,40006165,40008171,40010262,40014989,40017875,40026373,40031444,40038852,40040112,40043250,40047414,40050968,40052249,40052614,40069922,40074002,40075796,40077994,40094978,40101149,40117991,40118469,40119040,40120220,40121487,40125263,40126042,40141242,40151828,40154188,40155502,40165634,40166968,40172048,40172554,40176974,40181430,40183393,40184091,40189536,40193525,40194656,40197651,40198570,40199579,40199596,40205577,40230294,40230839,40234516,40245231,40247235,40247434,40267486,40275442,40282097,40289044,40297787,40300211,40303671,40308733,40313395,40315754,40342189,40346879,40354382,40355166,40355375,40355694,40382262,40383853,40393024,40396358,40409812,40413072,40414060,40417552,40417996,40431157,40443156,40445243,40453442,40453477,40455316,40463119,40478180,40480414,40486921,40500808,40512464,40516119,40522536,40536479,40537376,40565901,40569251,40570588,40572691,40579053,40583328,40586672,40593087,40599510,40606487,40620247,40620372,40624332,40632512,40632556,40632964,40632997,40640254,40644548,40645786,40648927,40652717,40688683,40689039,40700485,40704891,40711469,40717467,40717779,40735750,40738143,40742314,40755505,40759847,40767799,40768643,40772096,40774339,40776023,40796896,40818008,40819782,40831078,40841828,40845914,40854946,40857669,40862518,40875394,40894591,40896383,40903264,40908205,40914769,40921163,40940064,40964146,40990006,41036774,41038486,41043726,41052671,41054447,41059449,41067189,41068816,41072022,41082614,41083609,41083656,41087636,41087971,41088095,41097559,41097758,41099804,41100065,41105718,41108190,41108239,41111075,41113559,41131887,41134291,41139180,41166726,41170223,41185730,41187865,41187885,41189514,41192600,41193655,41231631,41231790,41235143,41238619,41251734,41261682,41266928,41281904,41282993,41286957,41297749,41306112,41324802,41326157,41328676,41330905,41331375,41331554,41331805,41339300,41339855,41350944,41365254,41370275,41384804,41385896,41387870,41392266,41395469,41397188,41411559,41418584,41421417,41436415,41452841,41468430,41473904,41474586,41489513,41495307,41517080,41523838,41525598,41530281,41530987,41543723,41550050,41550560,41560852,41566879,41566903,41573067,41587946,41594010,41595927,41604610,41604711,41604861,41605454,41612062,41612653,41615351,41617387,41637881,41640973,41665596,41676207,41682945,41683783,41698199,41733426,41738955,41741204,41745941,41754923,41772879,41776534,41781825,41800120,41859935,41861114,41862196,41866749,41870465,41872703,41891299,41913445,41928277,41929974,41951724,41966492,41968235,41970675,41984980,41989437,41990950,42008602,42012123,42013732,42025954,42034278,42034647,42039296,42040087,42042990,42052927,42080210,42081503,42085466,42097199,42117659,42130117,42132118,42135734,42138752,42143653,42158625,42161734,42176144,42181145,42182621,42184304,42193154,42207206,42208287,42231303,42233407,42239249,42242485,42249511,42251571,42251860,42252057,42256030,42258310,42266327,42283288,42284237,42284302,42284488,42286108,42289519,42336038,42337194,42346539,42347924,42391791,42391807,42403641,42407042,42407853,42412981,42435926,42438668,42447102,42453521,42455071,42472468,42473374,42518365,42520971,42527825,42537784,42548981,42552406,42554484,42554986,42558175,42579476,42597963,42607877,42627219,42631865,42632271,42662371,42665721,42670231,42686541,42700305,42710842,42722560,42728288,42728856,42731615,42735644,42735676,42739444,42741043,42751409,42751920,42752363,42753425,42755097,42765855,42769358,42778795,42779733,42820776,42824321,42825119,42831949,42840220,42848400,42855131,42857413,42864269,42864464,42866244,42867015,42867591,42870277,42870574,42872393,42872749,42876055,42876533,42880857,42882542,42882735,42883853,42887274,42895992,42903195,42904451,42905052,42905655,42909129,42910174,42923630,42938973,42940241,42948698,42951354,42963349,42968528,42969903,42971082,42972204,42973082,42987964,42988711,42990769,42991365,43002501,43005003,43005891,43007326,43009178,43023710,43039140,43041876,43046034,43048239,43058752,43062488,43076369,43077544,43078363,43088004,43094386,43094839,43095271,43097826,43101082,43106317,43106652,43109934,43111554,43116878,43130235,43132117,43134244,43135310,43136478,43136507,43138350,43140152,43140270,43141971,43143144,43143962,43146882,43147857,43152940,43167861,43168053,43171705,43176483,43178961,43184084,43189333,43190915,43192625,43194785,43196565,43208644,43213419,43214265,43214473,43218788,43223537,43225319,43227282,43228425,43232471,43236149,43240087,43248351,43255401,43258618,43282250,43289948,43295351,43297328,43300799,43304954,43305328,43307319,43310104,43310187,43314990,43315637,43316185,43320320,43324274,43332682,43337004,43338505,43346333,43346648,43348060,43350146,43353060,43354587,43356581,43360028,43360059,43363951,43363987,43364058,43378226,43380469,43381402,43386994,43394435,43397911,43399295,43399427,43401517,43416628,43419741,43421416,43421566,43429238,43430366,43432602,43433650,43434788,43438753,43445857,43446434,43446694,43447002,43449112,43449635,43450264,43452171,43454075,43455180,43456182,43457133,43460053,43466645,43481014,43486622,43489591,43506532,43507859,43517144,43533460,43536968,43537719,43543738,43545361,43551507,43556838,43557990,43561378,43562722,43563825,43582412,43595660,43619378,43623641,43629209,43629604,43632672,43635882,43638138,43659378,43660458,43663252,43669342,43672068,43688651,43689288,43690646,43691243,43692768,43693035,43702132,43704190,43706147,43710893,43718391,43722589,43731092,43738675,43739234,43754788,43755793,43763134,43766382,43773031,43773072,43775089,43777723,43779550,43783035,43783174,43799328,43802992,43804842,43808238,43808255,43809035,43816153,43826015,43830061,43837254,43837812,43840455,43849376,43850044,43856753,43862071,43864582,43867612,43871678,43872810,43873032,43876215,43903206,43903217,43904896,43908999,43909872,43917770,43920351,43922476,43923139,43923784,43928938,43930788,43930962,43936399,43942649,43944289,43956816,43958859,43967453,43968395,43969899,43975534,43979349,43984526,43986615,44014717,44018871,44021517,44021833,44024646,44026424,44027275,44027953,44034737,44036531,44041115,44058762,44078159,44080455,44084821,44095657,44096182,44097660,44097989,44098057,44102749,44103886,44104925,44114668,44135945,44137702,44139342,44143682,44146947,44149931,44162983,44163275,44166656,44168116,44169937,44173325,44179833,44190273,44194151,44194307,44194404,44207165,44211575,44228049,44231196,44235188,44236485,44236510,44239453,44241790,44244812,44244920,44248091,44251269,44254195,44254260,44255026,44256896,44271057,44272377,44273929,44275514,44275546,44281506,44283262,44285614,44290009,44305784,44309208,44312434,44316837,44318170,44318635,44319061,44320169,44323821,44324686,44354054,44354653,44355865,44359948,44373714,44393099,44401540,44406153,44407899,44413969,44429264,44431204,44432068,44434254,44435028,44435429,44442453,44443650,44444317,44448170,44449431,44479997,44484144,44489290,44492433,44496438,44497060,44498845,44499862,44500372,44510211,44515077,44515930,44516359,44518474,44524415,44524642,44563327,44565936,44566891,44569986,44574638,44590616,44592477,44594762,44599687,44600259,44619883,44627574,44638025,44639797,44650569,44651926,44653167,44664612,44664904,44666388,44667827,44680640,44687033,44687882,44689604,44689927,44690957,44696442,44702302,44707731,44715122,44715693,44719930,44721763,44722081,44724406,44730471,44736313,44749161,44751323,44754619,44764529,44766955,44780340,44783158,44791176,44794977,44796860,44800686,44806122,44806688,44808789,44813259,44822941,44842533,44843411,44843778,44852494,44852869,44854607,44854809,44861461,44882218,44894140,44895996,44905763,44908338,44913618,44926500,44936406,44944741,44947766,44954645,44960081,44964428,44966034,44966710,44976870,45000551,45002854,45010757,45015121,45029911,45036968,45050530,45053517,45053631,45067145,45080496,45107669,45126096,45126819,45126882,45130091,45143523,45145774,45152348,45159560,45165059,45165946,45173273,45184051,45195524,45206172,45206433,45206583,45209015,45210595,45213363,45216999,45224761,45228480,45234510,45234794,45247464,45249756,45263490,45273559,45273716,45280898,45281147,45301125,45322838,45327184,45328484,45330574,45331254,45335506,45336380,45339983,45341134,45345802,45351345,45352029,45360735,45362421,45364137,45365776,45367347,45368935,45373732,45375606,45377184,45381858,45382107,45389198,45391666,45398948,45401134,45410426,45417526,45424625,45441113,45441362,45441784,45442902,45445697,45446247,45446248,45446386,45451233,45451707,45454790,45457610,45458996,45464486,45467837,45477331,45479351,45483356,45490731,45494685,45499034,45506485,45507701,45520024,45522045,45524436,45534062,45534756,45535146,45538383,45540093,45544827,45546080,45546246,45549799,45552758,45562964,45577186,45577384,45586914,45588917,45589604,45589824,45590139,45592813,45618779,45621191,45624221,45628496,45629905,45635111,45643097,45644628,45664912,45676038,45677427,45679904,45682158,45685993,45703336,45704011,45705982,45713653,45716187,45719639,45720262,45721500,45728287,45737118,45739278,45741727,45745458,45755309,45762220,45762754,45767377,45778751,45779379,45779924,45780870,45800449,45809735,45809890,45810456,45816911,45817443,45818528,45823608,45826579,45829037,45833116,45834036,45835679,45837203,45840502,45842970,45844175,45844543,45845323,45845513,45846967,45858563,45859664,45862539,45865795,45866455,45876463,45876609,45877722,45877951,45881785,45884281,45885603,45899860,45901346,45902429,45905467,45931960,45938697,45940381,45943075,45958915,45959895,45960035,45962350,45964126,45975220,45975916,45979690,46010383,46022120,46024212,46025248,46025594,46032299,46033626,46035780,46036869,46038483,46044105,46052983,46059151,46059367,46064559,46071079,46071596,46074737,46076967,46077338,46083594,46092802,46094122,46094448,46099450,46099875,46100312,46100414,46100734,46105430,46105803,46106846,46107727,46112248,46126323,46137442,46138405,46139574,46140900,46151574,46152865,46153823,46155456,46158518,46160313,46167722,46171314,46174288,46177417,46179212,46185655,46187299,46190054,46191608,46193667,46193760,46198653,46206951,46211767,46211813,46215502,46218126,46218204,46228970,46230224,46233574,46234231,46238239,46245912,46249013,46254250,46254587,46256263,46256316,46256931,46257051,46260821,46261556,46270513,46277727,46289887,46293962,46294262,46296884,46303785,46306671,46315864,46320621,46333103,46336514,46339194,46339538,46340653,46346621,46351996,46363888,46380625,46388627,46400423,46402713,46404198,46404932,46414590,46419804,46422548,46428126,46437345,46438810,46449677,46450359,46454225,46457109,46459903,46500073,46502752,46506519,46512388,46533925,46537693,46545520,46546434,46550853,46570550,46575337,46594413,46616239,46632723,46638849,46641528,46645910,46649293,46654082,46670353,46677855,46691315,46693719,46694028,46712850,46714157,46736471,46738506,46740153,46756783,46757654,46778591,46778695,46781989,46785557,46786257,46788546,46789452,46791616,46794956,46801002,46801697,46804205,46813883,46832600,46845164,46863243,46871989,46883156,46884846,46886642,46890584,46893874,46893978,46905559,46906621,46916958,46919687,46922014,46923706,46924601,46926821,46927820,46931113,46931870,46934666,46936878,46950569,46957057,46972354,46978425,47000511,47017952,47032730,47047265,47048112,47063561,47064294,47090480,47094048,47097219,47097452,47099728,47100213,47103887,47112211,47134195,47135479,47139112,47139751,47149372,47156232,47159020,47176982,47177177,47177546,47182425,47195191,47195761,47197036,47197237,47198437,47199066,47202385,47209367,47224031,47231005,47232363,47234931,47237446,47239243,47239952,47246676,47258266,47261997,47266807,47271129,47273296,47290724,47302728,47307318,47307621,47320976,47321969,47325833,47327205,47328071,47332537,47335938,47337433,47340745,47348233,47358531,47360176,47361506,47364319,47374204,47374449,47383680,47383788,47392905,47395450,47396297,47403718,47404009,47404094,47425659,47426102,47426263,47428407,47429441,47430187,47431537,47434684,47449879,47451151,47457820,47458912,47459588,47462761,47468597,47468905,47484937,47509853,47512185,47512388,47516442,47518663,47527266,47538168,47557612,47558379,47561562,47561963,47563871,47564768,47564819,47574769,47579593,47583416,47588512,47589535,47592484,47603429,47605005,47606039,47606411,47608512,47615328,47616953,47617361,47620761,47625250,47626490,47628646,47629041,47629860,47641763,47644375,47645558,47656873,47680314,47682218,47684493,47686869,47691434,47692769,47694078,47710183,47711925,47712105,47713186,47724703,47726980,47740963,47742767,47744285,47744639,47747024,47749943,47751040,47753869,47756204,47765082,47769948,47804435,47816915,47832633,47835425,47835750,47839845,47841500,47844174,47846325,47847001,47858442,47858934,47860889,47864286,47864802,47864917,47864921,47867079,47869815,47870598,47872560,47878732,47879495,47880783,47881503,47882106,47882292,47883812,47900925,47902639,47902697,47906349,47912280,47918387,47919834,47925131,47928408,47936021,47942652,47944869,47951014,47952256,47953996,47967672,47968394,47982878,47984870,47990291,47993939,48003431,48005862,48010360,48012439,48012604,48024876,48028556,48029624,48029812,48032707,48034038,48035895,48043603,48048607,48049156,48053597,48065812,48092792,48093351,48094471,48104161,48108432,48109972,48110265,48110470,48111800,48123233,48125029,48127210,48142958,48145251,48147758,48149276,48157720,48160274,48164677,48177913,48180774,48180978,48193846,48196710,48196741,48196801,48197121,48200808,48208146,48208490,48210078,48211380,48215058,48216088,48228934,48233029,48234861,48236805,48237094,48240363,48242641,48243536,48244396,48248780,48249336,48256984,48259363,48262922,48265694,48283153,48289562,48300898,48303842,48305373,48309710,48315577,48316591,48320844,48330326,48331580,48331642,48332983,48334115,48335598,48340743,48348119,48348801,48351688,48352328,48352619,48353528,48359147,48367485,48370947,48371584,48371624,48371924,48372115,48383599,48385876,48393110,48394603,48396312,48399709,48416107,48416913,48419639,48420785,48423432,48425819,48432449,48442649,48452520,48452785,48453095,48462018,48462832,48463506,48463927,48465418,48467940,48467990,48468298,48471716,48471894,48478790,48480263,48492786,48519110,48520002,48530541,48545132,48549442,48554176,48557824,48558249,48559451,48560207,48562799,48563061,48574693,48577561,48581918,48584236,48584923,48590727,48591998,48595601,48596775,48604052,48606493,48608338,48619138,48622266,48626482,48626946,48636376,48639468,48640200,48657375,48668666,48674486,48676427,48680482,48681406,48684932,48690808,48697806,48699105,48699782,48703374,48707471,48709638,48711274,48716087,48719826,48724836,48727352,48727901,48730288,48739567,48756665,48757140,48757576,48765244,48770885,48771642,48773419,48782422,48782533,48783456,48783625,48783857,48785177,48785368,48793977,48801584,48802699,48812477,48824784,48825390,48825815,48829727,48836954,48843322,48846563,48847008,48849782,48850220,48853806,48854757,48856594,48859252,48869912,48874939,48888484,48891744,48914494,48916377,48916944,48919029,48920968,48922756,48928129,48937429,48943311,48948463,48956749,48958925,48962933,48972701,48973953,48979710,48979824,48980906,48981594,49008689,49009327,49011750,49011848,49012450,49012843,49015207,49024473,49026184,49026304,49027691,49045980,49046638,49053018,49054155,49055500,49059536,49060350,49062982,49067500,49072055,49072654,49077779,49078643,49081404,49089025,49099867,49102593,49103410,49103577,49108146,49112574,49114640,49130838,49134619,49136186,49142369,49150325,49152056,49152592,49153521,49154901,49155094,49155312,49156624,49158530,49159691,49160286,49160333,49160681,49165213,49165900,49166226,49168884,49175238,49177943,49178652,49184853,49190362,49191134,49196300,49199916,49202693,49203098,49206589,49208347,49209522,49210281,49225726,49228359,49236020,49238319,49245231,49257096,49258948,49263414,49271185,49278648,49281692,49283808,49286214,49290040,49293171,49300522,49302796,49303944,49311172,49329357,49331730,49346516,49347176,49347467,49348764,49350957,49354428,49374531,49381062,49381153,49390492,49394382,49400310,49403752,49405319,49417030,49418752,49421083,49436500,49443220,49444329,49447526,49453339,49454217,49455681,49462569,49465203,49466038,49469274,49471878,49480561,49493083,49494979,49496405,49496705,49497484,49499229,49505412,49506568,49516922,49518637,49521391,49523130,49525392,49540518,49543224,49550675,49550724,49555794,49556724,49560953,49564156,49565123,49566087,49568012,49569346,49573789,49584063,49588006,49593659,49627659,49649711,49652519,49653140,49669569,49670547,49676402,49678086,49692003,49693694,49694225,49709717,49710204,49721318,49746430,49756794,49775296,49790298,49794032,49806667,49810802,49835158,49840634,49843803,49848739,49853506,49867389,49879345,49881219,49881547,49887673,49890087,49891346,49891805,49902848,49914327,49919418,49932726,49941641,49956422,49958016,49991021,49997952,50036834,50037396,50038266,50038364,50056322,50056363,50058226,50062487,50063274,50063441,50063910,50065065,50086821,50094289,50105491,50117251,50118334,50127037,50127442,50129471,50137767,50168713,50177555,50180818,50192498,50195274,50202732,50213575,50214915,50277088,50280009,50286482,50288819,50289727,50289940,50290438,50293763,50307849,50316846,50329733,50333065,50336831,50341707,50373189,50394190,50411848,50413651,50414189,50449577,50458192,50467105,50475306,50493399,50502061,50509042,50515664,50516912,50586184,50596023,50603679,50625133,50625535,50638537,50650333,50665485,50667810,50681549,50705176,50714064,50720170,50763260,50784440,50792115,50798332,50809873,50812121,50834091,50873064,50902387,50928715,50930980,50942295,50991716,51030378,51154542,51202931,51314704,51555986,51575565,51613519,51627821,51633093,51701475,51873792,51901993,51947556,52001487,52071410,52115260,52146958,52151314,52282466,52344324,52497620,52679608,52714106,52882955,53043198,53071414,53082888,53134979,53152037,53250053,53351872,53359071,53368427,53371611,53407269,53565582,54048518,54072626,54155637,54161751,54380479,55257023,55273856,55410873,55508391,55673938,55731661,55763193,56163084,56230621,56257314,56515956,56579318,56805597,56831264,56840023,56954986,56970379,57213241,57942252,58416561,58849274,59018787,59021568,60483642,62325319,64533966,66972704,67721287,68607650)






