select * from T_User (nolock) where email = 'ajichici@gatewaycasinos.com'


select * from T_Form where CompanyId = 5378--28893


select * from T_Job  (nolock) where CompanyId =5378 and Deleted = 0 and PreInterviewFormId = 28893

--update script :-

update T_Job set PreInterviewFormId = 0, Modified = getdate() where CompanyId =5378 and Deleted = 0 and PreInterviewFormId = 28893


--Rollback Script:- 
update T_Job set PreInterviewFormId = 28893, Modified= getdate() where CompanyId = 5378 and Deleted = 0 and id in (1919643,1920920,1920929,1920947,1921007,1921029,1921219,1921254,1921261,1922744,1923006,1923133,1923155,1923161,1923168,1923176,1923181,1923193,1924238,1926026,1926039,1926052,1926059,1926064,1926089,1926141,1926150,1927943,1927952,1928271,1930028,1932916,1932974,1933002,1933018,1933031,1933043,1933492,1939247,1942582,1942841,1942883,1943118,1943142,1944708,1944995,1945141,1945143,1945144,1945145,1945146,1945147,1945148,1945149,1945150,1945155,1945163,1945164,1945165,1945166,1945167,1945168,1945169,1945171,1945172,1945243,1946204,1946249,1946253,1947384,1947416,1947429,1947852,1948793,1949445,1949457,1949464,1949550,1949579,1950686,1950699,1950724,1950758,1950843,1950849,1950898,1951002,1951303,1951308,1951318,1951324,1951326,1951335,1951354,1951363,1951440,1951453,1951586,1953042,1953071,1953079,1953205,1954212,1954297,1954930,1959154,1959426,1959691,1959696,1959913,1959944,1959945,1961090,1961165,1961351,1961666,1962978,1962992,1964177,1964495,1964629,1964714,1965848,1966449,1966452,1966453,1967361,1967409,1967469,1968827,1969375,1969579,1969581,1970924,1971033,1971099,1972035,1972103,1975653,1976958,1977244,1977254,1977504,1977505,1977506,1978851,1982296,1982315,1982448,1982462,1983771,1983813,1983945,1984181,1987778,1988306,1989317,1989365,1990235,1991092,1993023,1993433,1995025,1995047,1995171,1995413,1995472,1995830,1995883,1997981,1997985,1997989,1997992,1998353,1998363,2000269,2001229,2001316,2001408,2001414,2003085,2003092,2003233,2003678,2005076,2006146,2007917,2008491,2008581,2008583,2010017,2014551,2015970,2016499,2019203,2019208,2019217,2019312,2019525,2019564,2019680,2020712,2021444,2023706,2024878,2024883,2024887,2026783,2027734,2029327,2029721,2029770,2029778,2030026,2030469,2031414,2031441,2031689,2031855,2032200,2032251,2033338,2033990,2034307,2035375,2035815,2035823,2037812,2037821,2037860,2037883,2038644,2038974,2039896,2041708,2041982,2042150,2042168,2046065,2046196,2046219,2046429,2051056,2051517,2051519,2051520,2051550,2051551,2051553,2051568,2051775,2052323,2055187,2055294,2056696,2056717,2056727,2058289,2058434,2058523,2059347,2061807,2061809,2063515,2073368,2074073,2074088,2074265,2077241,2077381,2077582,2077592,2077683,2077917,2078639,2079533,2080083,2080089,2085351,2085497,2086124,2086126,2086128,2086130,2087420,2087432,2088189,2088195,2088231,2088237,2089711,2089864,2090131,2091724,2091730,2091736,2091765,2091825,2093548,2093647,2095032,2095704,2098360,2101057,2101062,2101065,2101081,2110050,2117805,2117906,2117911,2118432,2120059,2122989,2124836,2124837,2125014,2127218,2128878,2128883,2132122,2132351,2132382,2135333,2135645,2135722,2137117,2137435,2137439,2138938,2138940,2141737,2142091,2142426,2142637,2144238,2146077,2146093,2148823,2149108,2150936,2151198,2152968,2153189,2153274,2153300,2155034,2155170,2156720,2156722,2158031,2158036,2158039,2158106,2160704,2161394,2164086,2164101,2165870,2167251,2168573,2169025,2176611,2176615,2176629,2177388,2179378,2181870,2183301,2183306,2183320,2183322,2183435,2183930,2186523,2186778,2186785,2187060,2190279,2193419,2195450,2195715,2196081,2197731,2198444,2200070,2200129,2200130,2200509,2200538,2203773,2209268,2209274,2209477,2209742,2210137,2211653,2213731,2214833,2214834,2214837,2215258,2218612,2219366,2220577,2225585,2225589,2226400,2226422,2226424,2227173,2232834,2232961,2232972,2232976,2236965,2238099,2238694,2239697,2240681,2241239,2242389,2242394,2242495,2244736,2244740,2244766,2244837,2244862,2246997,2252486,2254376,2254486,2254508,2257061,2257471,2258815,2258844,2258848,2259035,2261664,2264629,2266162,2266690,2268174,2271728,2275223,2275812,2278493,2278737,2280358,2280833,2282174,2282801,2284758,2285843,2286080,2286081,2293691,2293695,2295856,2297451,2299678,2300701,2300833,2301266,2302792,2302793,2302794,2302795,2302796,2302798,2302799,2302801,2302803,2302804,2302805,2302806,2302807,2302808,2302809,2302812,2302813,2302814,2302816,2303997,2304328,2304365,2305403,2305574,2306151,2306356,2306788,2306815,2307202,2307208,2307210,2308758,2310015,2310037,2310289,2310355,2310369,2311855,2312150,2313184,2313187,2313193,2313198,2313204,2313397,2313713,2313914,2313956,2313957,2313958,2314095,2314096,2315197,2315443,2318012,2318882,2320349,2320823,2321761,2325236,2325952,2327977,2328661,2330868,2332845,2333026,2334884,2334948,2335024,2335041,2336859,2336863,2336872,2336902,2336913,2336916,2339424,2339551,2339559,2339580,2340367,2341788,2343609,2343820,2343850,2343948,2346165,2347568,2349801,2350377,2350603,2350609,2352405,2353775,2355343,2356999,2357540,2359523,2359683,2359746,2359863,2360385,2360467,2360468,2360469,2361392,2361799,2361839,2362061,2362896,2364372,2365132,2365133,2366053,2366667,2368154,2368157,2369318,2370365,2371577,2371580,2373064,2373124,2373929,2373950,2376349,2377048,2377634,2379613,2381510,2385019,2385272,2385285,2385291,2385294,2385296,2385298,2386914,2388067,2390329,2390332,2392423,2393959,2393992,2394005,2394010,2394118,2394398,2395481,2397240,2397243,2397406,2398482,2398484,2398493,2398885,2399116,2400689,2401304,2402427,2402453,2403212,2403236,2404588,2404748,2405465,2405859,2405866,2407940,2408024,2408053,2408064,2409106,2409111,2409122,2410297,2410305,2410391,2413127,2413198,2413433,2413690,2413937,2413938,2413939,2417310,2417505,2418705,2419021,2419061,2419076,2419182,2419198,2419342,2419356,2419384,2420339,2421389,2421460,2421468,2421523,2421544,2421566,2421626,2421666,2421671,2421824,2421848,2421880,2421893,2422362,2423307,2423422,2423490,2423643,2423973,2423978,2424379,2426165,2426543,2426547,2428972,2429075,2430974,2431208,2431210,2431297,2432634,2432667,2432676,2432690,2432711,2432717,2432730,2432739,2432770,2434473,2434624,2434869,2435649,2436292,2436293,2436334,2436335,2436336,2437286,2437757,2437884,2437978,2439054,2442928,2442976,2442982,2442988,2442994,2443002,2443611,2443648,2443904,2444068,2444793,2444801,2444808,2445397,2446898,2447294,2447542,2448498,2448504,2448535,2448548,2448578,2448628,2448665,2448675,2448681,2448841,2449231,2449835,2449873,2449886,2449940,2449984,2450037,2450049,2450760,2451061,2451713,2451754,2451990,2452085,2452833,2452929,2452930,2454457,2454663,2454723,2454784,2454944,2455366,2455384,2456703,2457200,2457208,2457226,2458835,2460171,2460523,2461029,2461035,2461942,2462821,2462822,2463394,2464040,2464155,2464156,2464256,2464264,2464310,2464375,2464520,2464535,2464557,2464660,2467178,2467180,2475987,2476016,2476171,2476173,2477231,2477415,2477450,2477462,2477483,2477512,2477578,2477593,2477828,2478271,2478829,2479198,2480402,2480741,2480752,2480765,2480794,2480818,2480852,2481085,2481780,2481789,2481797,2482389,2482494,2482505,2482659,2483967,2483979,2484181,2485348,2485571,2485574,2486073,2486332,2488291,2488483,2488484,2488485,2488486,2488487,2488605,2489966,2489970,2489973,2489976,2489977,2490025,2490620,2491455,2492605,2494463,2494475,2494488,2494513,2494519,2494548,2494550,2494561,2494773,2495169,2496520,2498279,2498347,2498355,2498578,2502669,2502682,2502760,2502768,2502806,2502883,2503304,2503406,2504278,2505045,2506136,2506465,2506757,2508225,2508344,2508370,2508388,2508408,2510596,2510600,2510612,2510616,2511228,2511513,2511652,2511667,2511692,2512926,2512930,2513094,2513440,2514466,2514871,2515349,2515433,2515441,2515455,2515472,2515485,2515498,2515602,2515678,2517237,2517256,2518169,2520596,2521044,2521187,2521551,2522305,2522309,2522325,2522346,2522385,2522404,2522703,2522769,2522783,2522858,2522975,2522986,2523356,2524519,2524547,2525662,2525964,2526149,2526161,2526164,2527724,2527780,2527784,2527796,2527799,2527957,2527999,2528044,2528081,2528110,2528582,2529586,2529645,2529729,2530072,2530078,2530159,2531451,2531464,2531492,2531503,2531579,2531739,2532887,2534110,2534212,2535652,2535681,2535713,2539147,2540048,2540126,2540142,2540594,2540640,2541716,2541901,2541919,2541938,2541982,2541992,2542192,2542228,2542240,2542270,2542287,2542419,2542441,2543372,2543390,2543395,2543449,2543873,2545782,2546708,2546848,2548582,2548774,2548828,2550354,2550421,2550428,2550448,2550454,2554848,2554856,2555060,2555092,2555289,2555294,2555475,2555489,2556344,2556761,2556799,2557321,2559078,2560794,2562364,2562373,2562377,2564396,2564405,2564442,2565631,2565652,2566039,2566256,2566260,2568472,2568482,2568489,2570098,2575042,2576052,2576070,2576086,2576207,2576221,2576231,2576247,2576270,2576282,2576376,2576521,2576584,2576681,2577133,2577363,2577370,2577377,2577960,2577983,2577993,2578007,2578011,2578057,2579045,2579199,2579209,2579235,2579241,2579357,2579434,2583156,2584516,2584538,2584623,2585317,2587680,2587963,2588144,2588178,2588381,2589606,2590069,2590071,2590122,2590346,2590678,2592302,2592982,2593120,2593133,2593136,2593329,2593498,2593629,2594948,2594952,2594959,2594963,2594968,2594974,2596746,2597430,2597528,2598076,2599721,2599729,2599745,2599754,2599850,2600531,2600646,2600657,2600673,2600780,2602223,2602249,2602302,2602320,2602339,2602842,2604371,2604438,2604865,2604868,2604876,2604933,2605082,2605368,2605369,2606410,2606704,2606801,2608321,2608673,2608715,2610751,2610753,2611460,2611487,2611496,2611505,2611523,2611542,2612128,2612139,2612269,2612713,2612959,2613519,2614090,2614160,2614176,2614194,2615232,2615515,2617840,2617970,2618046,2618477,2618484,2618724,2618726,2620042,2620445,2620450,2620454,2620473,2621299,2621827,2622036,2622098,2622131,2622252,2622272,2622289,2622295,2622299,2622309,2622311,2622317,2622321,2622326,2622328,2622354,2622355,2623035,2623545,2623648,2623804,2624238,2624239,2624279,2624324,2624666,2624677,2624931,2624932,2629180,2629320,2629956,2629957,2630473,2630495,2630515,2630565,2630810,2630824,2630953,2631456,2631644,2631720,2632312,2632814,2633239,2633276,2633283,2633286,2633305,2633320,2634728,2635137,2635225,2635350,2635542,2635543,2636084,2637180,2638555,2638589,2638756,2639244,2639642,2641876,2643522,2643563,2643744,2643752,2643831,2644705,2644716,2645136,2645507,2645958,2646725,2648262,2648279,2650064,2653118,2653547,2654794,2655716,2655724,2656679,2656763,2658266,2658297,2658445,2659422,2659444,2659500,2659516,2659530,2659548,2659650,2659666,2659706,2659757,2659805,2659822,2660221,2660867,2660876,2660882,2661729,2662115,2662576,2662837,2663946,2664403,2666853,2668294,2668303,2668445,2668977,2668978,2670318,2670927,2670931,2670937,2670938,2670946,2672789,2672801,2672803,2675681,2675801,2676362,2677268,2680548,2680555,2680567,2681118,2682284,2682599,2682799,2683677,2683856,2684720,2685646,2685663,2686039,2686253,2686663,2686693,2686718,2687041,2687044,2687051,2687124,2687125,2687143,2687144,2687145,2687146,2687226,2688330,2689297,2689301,2689311,2689334,2689340,2689874,2689890,2689892,2689920,2690005,2691548,2702037,2702101,2702110,2702388,2702770,2702998,2703440,2703454,2703480,2703658,2703691,2703805,2703881,2703979,2705068,2705217,2705229,2705816,2710811,2710815,2713788,2713793,2714414,2714416,2714432,2715704,2716454,2718137,2718144,2718335,2719578,2719582,2719754,2719757,2719763,2720131,2720132,2721672,2721684,2721696,2722392,2722396,2722532,2725266,2725445,2725921,2726285,2727692,2727697,2728641,2728830,2728836,2730268,2730275,2730326,2730336,2730359,2730389,2730440,2730689,2730765,2730798,2730800,2730802,2730804,2730811,2731863,2731868,2733472,2735167,2735734,2735738,2735789,2735944,2735987,2736242,2736256,2736276,2739324,2739327,2743142,2743454,2743469,2744694,2744907,2744916,2744959,2745378,2745441,2745492,2745498,2745506,2745664,2746735,2746789,2746793,2746975,2746984,2747332,2747343,2747358,2747366,2747376,2747453,2748530,2750726,2753886,2754067,2754814,2757373,2757656,2757696,2757716,2757859,2757883,2758033,2758205,2758299,2758584,2758780,2759630,2759876,2762496,2763017,2763180,2765194,2765285,2766459,2766488,2768111,2768216,2768230,2768236,2770856,2770879,2770900,2770910,2770925,2770948,2770966,2771219,2771704,2771714,2772079,2772453,2774030,2774814,2775221,2775320,2775550,2777101,2777369,2777675,2778549,2778553,2778558,2779765,2779784,2779791,2779796,2779799,2779832,2779860,2780365,2780376,2780395,2780400,2780402,2780420,2780430,2780434,2780474,2780943,2781637,2782867,2783003,2783016,2783447,2783452,2783675,2785085,2785203,2785334,2787236,2787238,2787301,2787308,2787324,2787334,2787501,2787659,2787960,2789648,2790203,2791977,2794100,2794619,2795215,2795825,2795886,2796299,2796602,2796792,2798117,2798299,2798445,2798487,2800928,2800982,2802767,2802773,2802775,2803182,2804365,2804378,2807607,2807834,2808395,2808469,2808494,2808495,2808496,2809477,2809479,2812626,2813887,2814012,2814049,2815586,2815699,2815757,2816129,2817155,2817229,2818147,2818761,2819258,2819371,2820384,2821329,2821766,2821879,2823795,2824051,2825746,2827673,2827696,2827724,2827738,2829809,2830552,2830805,2830969,2830971,2830972,2830973,2830974,2832576,2832634,2832692,2833063,2836155,2836209,2836220,2836273,2836979,2840035,2840038,2840269,2840915,2841756,2842191,2842764,2842910,2843688,2844460,2846003,2846047,2846381,2846519,2846708,2846724,2846729,2846763,2846827,2846840,2846895,2846903,2846961,2847460,2848556,2849486,2849497,2849512,2849532,2849539,2849547,2849567,2849571,2849574,2849577,2849596,2849606,2849609,2849612,2849877,2849879,2849884,2849887,2849895,2850276,2850306,2850421,2850442,2851010,2851014,2851039,2851040,2852086,2852313,2853234,2854004,2854068,2854081,2854326,2854740,2855696,2855789,2856020,2856152,2856342,2856486,2856750,2856766,2856908,2857024,2857025,2858139,2858243,2858465,2858614,2858628,2858810,2858817,2858861,2858869,2858873,2859113,2859136,2860680,2860689,2860695,2860729,2860774,2860826,2860873,2861010,2861035,2861038,2861052,2861067,2861072,2861099,2861177,2862229,2865132,2865283,2865292,2865295,2865320,2865346,2865446,2865585,2865961,2867080,2867360,2867516,2868017,2869545,2871311,2871818,2871956,2872206,2872459,2874519,2874781,2874977,2875042,2875792,2876257,2876663,2877076,2877270,2878549,2878572,2880097,2880287,2880850,2881387,2882504,2882632,2882653,2882975,2882983,2883379,2884975,2885079,2885080,2886307,2886409,2886423,2886626,2888595,2888921,2888969,2890680,2891064,2891082,2891154,2891169,2891341,2891367,2891378,2891416,2891432,2891448,2891497,2892420,2893172,2893182,2893205,2893410,2894610,2894613,2894634,2894639,2894697,2894704,2894716,2894724,2894727,2894735,2894753,2894783,2894791,2894802,2894871,2894872,2894920,2894948,2895031,2895043,2895169,2895509,2895510,2895511,2897697,2897704,2897712,2898085,2898121,2898122,2898127,2898129,2898139,2898159,2898168,2898174,2898284,2899743,2899754,2899759,2899763,2899773,2899779,2899784,2899942,2901216,2901383,2901787,2902980,2902991,2902996,2903008,2903011,2903115,2903129,2903160,2903231,2904635,2904740,2905564,2905626,2905727,2906879,2906899,2907888,2908024,2908141,2908334,2908390,2908393,2908553,2908555,2908782,2910030,2911732,2911781,2911789,2912062,2912934,2912969,2912979,2913750,2913860,2913937,2913943,2913955,2913957,2913961,2913963,2913966,2913968,2914793,2914800,2915056,2915327,2915520,2915527,2915914,2915916,2916560,2916922,2917019,2917024,2917029,2917035,2919326,2919449,2919761,2921155,2921370,2921424,2921464,2921728,2921745,2921779,2922991,2922999,2923026,2923100,2923151,2923169,2923189,2923192,2923376,2923821,2923929,2923937,2924843,2924931,2926233,2927179,2927492,2927676,2927680,2927857,2928040,2929231,2929923,2929937,2929942,2930021,2930026,2930162,2931953,2932333,2932540,2933442,2933444,2933453,2933702,2933765,2933991,2934089,2934179,2934478,2934480,2936110,2936214,2936221,2936224,2936587,2937652,2937929,2938305,2938466,2939050,2939051,2939053,2939054,2939055,2943856,2943876,2944243,2944988,2945359,2945443,2946038,2946052,2946973,2947217,2947342,2947365,2947830,2949332,2949610,2951253,2951271,2951690,2951813,2951843,2952263,2952264,2952275,2953338,2953343,2953481,2953483,2954103,2966892,2966949,2966973,2967558,2967702,2968470,2969218,2969616,2970733,2970840,2970972,2971310,2971479,2971517,2972240,2972268,2973102,2973306,2974128,2975990,2976088,2976136,2976162,2976177,2976178,2976199,2976216,2976244,2976248,2976456,2976461,2976464,2976466,2976722,2976723,2976724,2976739,2976828,2976829,2978014,2978021,2978293,2979725,2979741,2979752,2979759,2980279,2980502,2980737,2981819,2981891,2981912,2981948,2982434,2983512,2983963,2984012,2984133,2986026,2986069,2986087,2986104,2986878,2987069,2987070,2987071,2987072,2987073,2987079,2987080,2987081,2987095,2987509,2987536,2987553,2987622,2987636,2988641,2988851,2989938,2989944,2991539,2991874,2996161,2996210,2996220,2996222,2996349,2996451,2997111,2998198,2998448,2999008,3000604,3000643,3000727,3000736,3001320,3001691,3003051,3003069,3003714,3004854,3006021,3006078,3006081,3006082,3008784,3009003,3010499,3010552,3010553,3010554,3011987,3012108,3012459,3012942,3013491,3013504,3013574,3013579,3013595,3013821,3013953,3014454,3014461,3015750,3016604,3016644,3016645,3016739,3017864,3020657,3020700,3020705,3020976,3020977,3021064,3021066,3021174,3022603,3023069,3025621,3025641,3025667,3026226,3026322,3026356,3028055,3029088,3029595,3032107,3032240,3032301,3032334,3032341,3032487,3033771,3034360,3034458,3034564,3034604,3034626,3034754,3034794,3034830,3034866,3035289,3035290,3035434,3035447,3036466,3036550,3036568,3036603,3036657,3036686,3036692,3036743,3037067,3037235,3037292,3037346,3037352,3037947,3038002,3038039,3038767,3039200,3039277,3039324,3039330,3039337,3039386,3039483,3042829,3043020,3043027,3043036,3043064,3043092,3043107,3043124,3043997,3044038,3044108,3044171,3044211,3044232,3044690,3051255,3051316,3051369,3051389,3051390,3051611,3051613,3051630,3051718,3052523,3053737,3054940,3054956,3054971,3055507,3055515,3055520,3055534,3055542,3056515,3056517,3056534,3056571,3056573,3056599,3056632,3056635,3056637,3056638,3057157,3057325,3057347,3057359,3057500,3057771,3057912,3057977,3057980,3059086,3059449,3059457,3059610,3059667,3059669,3060449,3060456,3060464,3060557,3060607,3061201,3061499,3061510,3061635,3061952,3064739,3064742,3064980,3065057,3065147,3065159,3065775,3065785,3065919,3066552,3066946,3067181,3067315,3067316,3067334,3067369,3067433,3068364,3068417,3068438,3068466,3068618,3069243,3069328,3069336,3069348,3070405,3070412,3070441,3070459,3070473,3071299,3071453,3071478,3072372,3072409,3072431,3072476,3072524,3072547,3072756,3072884,3072902,3072953,3073230,3073317,3073365,3073402,3073417,3073452,3073480,3073502,3073559,3073571,3073625,3073635,3074160,3074161,3074171,3074682,3075271,3075569,3075734,3075821,3076603,3077114,3077246,3077247,3077252,3077376,3077741,3078514,3079181,3079336,3080590,3080850,3080893,3081241,3081448,3081458,3081462,3081473,3081569,3081642,3082529,3082540,3082592,3082684,3082958,3082995,3083001,3083024,3083029,3083051,3083054,3083064,3083081,3083178,3083192,3083216,3083783,3084752,3084761,3084780,3084793,3084808,3084817,3085765,3085768,3085772,3085785,3086692,3086751,3087653,3087853,3087876,3088979,3089203,3089462,3089575,3089790,3089965,3090449,3090452,3090455,3090471,3090556,3090561,3090568,3090601,3090624,3091135,3091160,3091267,3091298,3091518,3091522,3091525,3091547,3091684,3091775,3091820,3091824,3092308,3092651,3092655,3093020,3093179,3093438,3093462,3093477,3093481,3093511,3093807,3095284,3095628,3096896,3097433,3097649,3099224,3099234,3099493,3099521,3099603,3099809,3099826,3100510,3100520,3100524,3100577,3102378,3102424,3103339,3103434,3103814,3103839,3103857,3103896,3103908,3103919,3103964,3105492,3105677,3105819,3105822,3105853,3105909,3105937,3106440,3106524,3106562,3107916,3108247,3108469,3108539,3108562,3108677,3110655,3111355,3111356,3111357,3112531,3112550,3112777,3112796,3112928,3113072,3113305,3113341,3115112,3115217,3115323,3115332,3115341,3116200,3116212,3116269,3116327,3116363,3116386,3116490,3116492,3116504,3117933,3117949,3117958,3118195,3118355,3118387,3118419,3118431,3118437,3118449,3118507,3118527,3118612,3118652,3118787,3118797,3119030,3119072,3119200,3119220,3119362,3119784,3119799,3119805,3119813,3119844,3119854,3119865,3119890,3119924,3119935,3120248,3120255,3120311,3121422,3122895,3123490,3123521,3125041,3125180,3125317,3125547,3126378,3126395,3126417,3126569,3126571,3126957,3127179,3127192,3127201,3127444,3129463,3129920,3129928,3129937,3129941,3129948,3129963,3130581,3130661,3130696,3130987,3131093,3131117,3131587,3132924,3133138,3133325,3133329,3133702,3134606,3134906,3135121,3135493,3135735,3137314,3137399,3137478,3137498,3139652,3140041,3140307,3140917,3141918,3142432,3142436,3142487,3142498,3142696,3143048,3143051,3143105,3143484,3144749,3145010,3145260,3145363,3145370,3145373,3145375,3145376,3145388,3145394,3145693,3145757,3145789,3146783,3146900,3146905,3146913,3147030,3147963,3147978,3147981,3148063,3148935,3148947,3150667,3150712,3150766,3150794,3150826,3150850,3151160,3151195,3151218,3151271,3151369,3152191,3152705,3152718,3152746,3152754,3152765,3152818,3152901,3153079,3153404,3153411,3154544,3154619,3154632,3155528,3156130,3156164,3156178,3156199,3156284,3156294,3156309,3156319,3156361,3156366,3156396,3156411,3156414,3161394,3161482,3161746,3162579,3163524,3163939,3164108,3164130,3165898,3165920,3165982,3166034,3166070,3166289,3167397,3167604,3167837,3168131,3168257,3168263,3168283,3168293,3168320,3168339,3168341,3168351,3168361,3168368,3168404,3168447,3168727,3168738,3168746,3170450,3170730,3170834,3170933,3171027,3171095,3171404,3171507,3171624,3171807,3171809,3171812,3172593,3172597,3172599,3172710,3172826,3173041,3173642,3173828,3174604,3174609,3175668,3175678,3175713,3175715,3177153,3177522,3177785,3177819,3177914,3178724,3178732,3178736,3178762,3179531,3179543,3179549,3179594,3179601,3179610,3179620,3179855,3179893,3179904,3180227,3180727,3186209,3186746,3186828,3186857,3186944,3186957,3187017,3187044,3187071,3187081,3187101,3187116,3187122,3187124,3187139,3187153,3188585,3188634,3188664,3188732,3188847,3189329,3193191,3193512,3195834,3196077,3196881,3197184,3197214,3197414,3197483,3197617,3197658,3197747,3199369,3199398,3199402,3199467,3201304,3202317,3202322,3203146,3203310,3203314,3203432,3203623,3204336,3204370,3205302,3205568,3205602,3205727,3205803,3205815,3205962,3206571,3208293,3208867,3209428,3209662,3209665,3209784,3209900,3209917,3209943,3210209,3210219,3210292,3211502,3211680,3211813,3211843,3211845,3211852,3211896,3212173,3212377,3212678,3212680,3213205,3213242,3213266,3213416,3213432,3213512,3213548,3213758,3213771,3213789,3213814,3213873,3213904,3214241,3214488,3215771,3216625,3218463,3218571,3219828,3219849,3219978,3219999,3220527,3220533,3220654,3220844,3220854,3220908,3220921,3220931,3222356,3222365,3222400,3222567,3223068,3223132,3225659,3225664,3227986,3228150,3228202,3228215,3228330,3228334,3228337,3229385,3229414,3229718,3229767,3229819,3229829,3230235,3230251,3230775,3230945,3232397,3232416,3232422,3232437,3232461,3232835,3233190,3233673,3234997,3235273,3235591,3237046,3237178,3237186,3237203,3237302,3239339,3239428,3239781,3239790,3240314,3240368,3240377,3240421,3240438,3240441,3240444,3240447,3240449,3240450,3240452,3240453,3240459,3240470,3241225,3241394,3241411,3241628,3241812,3241830,3241884,3241935,3241957,3242028,3242272,3242418,3242434,3242446,3243703,3245144,3245160,3245224,3245233,3245264,3245286,3245414,3245485,3245643,3245771,3246003,3246020,3246093,3246118,3246270,3246273,3246277,3246285,3246290,3246366,3247446,3247455,3247469,3247475,3247504,3247565,3247597,3247902,3247908,3247928,3247935,3247953,3248164,3248191,3248214,3248220,3248234,3248597,3248682,3249762,3249768,3250620,3250849,3253191,3253481,3255275,3255279,3256671,3256963,3256976,3257032,3257055,3257114,3260512,3261449,3261610,3261649,3261739,3262034,3262519,3262610,3263133,3263437,3263453,3263459,3263475,3263532,3263886,3264302,3264308,3264309,3264310,3264401,3264593,3264647,3267743,3267747,3267753,3267758,3267778,3268217,3268394,3268429,3269344,3269361,3269376,3269382,3269391,3269397,3269400,3269409,3269412,3269417,3269440,3269482,3269486,3269825,3269840,3269892,3271319,3271528,3271635,3271726,3271920,3271924,3272220,3272273,3272280,3272316,3272320,3272337,3272342,3272343,3272352,3272894,3272906,3272911,3273986,3273998,3274006,3274044,3274232,3274234,3274262,3274276,3274277,3274349,3276575,3276596,3276641,3276650,3277042,3277045,3277047,3277051,3277082,3277327,3277432,3277450,3277457,3277567,3278843,3279267,3279351,3279371,3279376,3279384,3279680,3281297,3281303,3281338,3281355,3281360,3281428,3282019,3282073,3282074,3282090,3282101,3282103,3282128,3282152,3282240,3282610,3282611,3282875,3283271,3283286,3283599,3283605,3283808,3284252,3284276,3284370,3284449,3284470,3284837,3285796,3286058,3286336,3286352,3286373,3286578,3286856,3286857,3287348,3288085,3288530,3288727,3290132,3290140,3290225,3291688,3291700,3291715,3291739,3291762,3291769,3291776,3292011,3292018,3292024,3292387,3292403,3292664,3293721,3293730,3294745,3294890,3295981,3295992,3296049,3296215,3296860,3298702,3298799,3298930,3298932,3298998,3299557,3300802,3300903,3301494,3301508,3301513,3301519,3301536,3301578,3301633,3302493,3302541,3303012,3303509,3303522,3303525,3303527,3303532,3304842,3304862,3304934,3307014,3307250,3307538,3307650,3308038,3309488,3309510,3309539,3309563,3310184,3310190,3310192,3310198,3311273,3311477,3311506,3311515,3311544,3311559,3311565,3311646,3311855,3312072,3312175,3314955,3318831,3320889,3321364,3321395,3321459,3321532,3321535,3321537,3321567,3321615,3321848,3325127,3325558,3325644,3325647,3325788,3325797,3325972,3326754,3326763,3326793,3326809,3326818,3326831,3326898,3326918,3326927,3326951,3326976,3327155,3327160,3327304,3328056,3329248,3329273,3329285,3329292,3332360,3332372,3332481,3332855,3332857,3332860,3332871,3333471,3333472,3333756,3333758,3335300,3335303,3335308,3335371,3335379,3335488,3335565,3335581,3335752,3336458,3336471,3338937,3341520,3341615,3341617,3341619,3341636,3342879,3342946,3342956,3342980,3342990,3342999,3343017,3343025,3343032,3343130,3343138,3343168,3343214,3343247,3343366,3343445,3343708,3343712,3343746,3343755,3343758,3343829,3344001,3344152,3344154,3345159,3345350,3345369,3345397,3345415,3345425,3345915,3345930,3346636,3346638,3346642,3347703,3347730,3347851,3347902,3347989,3348037,3348078,3348106,3348297,3348312,3350998,3351149,3351178,3352180,3352417,3352445,3352482,3352670,3352872,3353321,3355497,3355524,3355588,3357065,3357104,3357127,3357857,3357971,3359595,3359597,3361315,3361333,3362145,3363769,3363971,3363981,3363996,3364011,3364174,3364360,3365178,3365200,3365249,3365272,3365594,3365773,3365795,3365811,3365830,3366171,3366183,3366420,3366421,3366426,3366807,3366819,3367315,3367853,3368057,3368262,3368360,3368361,3368379,3368381,3368385,3368395,3369075,3369399,3370442,3370526,3370560,3370674,3371263,3371273,3371281,3371386,3371398,3371919,3371926,3372166,3372594,3372650,3372708,3372785,3372786,3372871,3373352,3373837,3374233,3374330,3374342,3374352,3374365,3374394,3374772,3374869,3376021,3376055,3377066,3378522,3378672,3378787,3378809,3378827,3379310,3379601,3380804,3380938,3380964,3381083,3381103,3381239,3381407,3381670,3381910,3381917,3382327,3383296,3383398,3383919,3384058,3384210,3384325,3384492,3386734,3388295,3388337,3391096,3391931,3394128,3395544,3395545,3395742,3395968,3396112,3396437,3396459,3396565,3396568,3396902,3397319,3397331,3397337,3397350,3398569,3398573,3398794,3399853,3400543,3401189,3403300,3405562,3405573,3408581,3408729,3408740,3408745,3410308,3410546,3410912,3411741,3411759,3412331,3412539,3412589,3412672,3412943,3413327,3413340,3414451,3414456,3416492,3418409,3421147,3421266,3427019,3429850,3435238,3435501,3435825,3441239,3441617,3442250,3442277,3443051,3443122,3443484,3443703,3445933,3445970,3446017,3446095,3447260,3452461,3452474,3453808,3453810,3454689,3460257,3465740,3471714,3471732,3471751,3477284,3502730,3506891,3506962,3507062,3510400,3514535,3514577,3514613,3541291,3554802,3554928,3554949)


