select * from T_user (nolock) where email = 'mulaia@gtlaw.com'--6402



select * from T_CandidateState (nolock) where CompanyId =6402 and Deleted = 0  and Name = 'Declined'--237090
select * from T_CandidateState (nolock) where CompanyId =6402 and Deleted = 0  and Name = 'Hired'--237088
select * from T_Workflow (nolock) where CompanyId =6402


--candidate status update:-

--update T_Application set WorkflowState = 237090 ,Modified = getdate() where CompanyId =6402 and id in (87640531,87641313,87642384,87642747,87643535,87644329,87644690,88174476,88174541,88174768,88175388,88178004,88179556,88179890,88180574,88243681,88316000,88318240,88318755,88327314,88327446,88329525,88330096,88330200,88330211,88330303,88330562,88330668,88331242,88334512,88857315,88857695,88857927,88860980,88862808,88863074,88863282,88866526,88870131,88874134,88874500,88897765,88898380,88183036,88329148,95616512,88872234,88902863,88903237,88903306,88904720,88904844,88906140,88906656,88907042,88907525,88912705,88913394,95612746,88947349,88952870,88953097,88953099,88955067,88956349,88956499,89148917,89151087,89153536,89154747,89157258,89159376,89159914,89164082,89178168,89178230,89178586,89179692,89179750,89180621,89181359,89181361,89236587,89236897,89237280,89238098,89239630,89242456,89242619,89245432,89245468,89247427,89247762,89247978,89247985,89249087,89253077,89307347,89307842,89311321,89311752,89312900,89315322,89317392,89320679,89321655,89559372,89560111,89560532,89560695,89560904,89561462,89561610,89561810,89562091,89562149,89636441,89636475,89636734,89636754,89637090,89637591,89637859,89638288,89638600,89638636,89638655,89638980,89766665,89766718,89767094,89767294,89767593,89773459,89773597,89773877,89774062,89774210,89984454,89984539,89985026,89985152,89985296,89985697,89986114,89988335,90045819,90050811,90051134,90051161,90059264,90059275,90059541,90060505,90060530,87634657,87634748,87635738,87636276,87638215,87638271,87638473,87638814,87638930,87639102,87639629,87639786,87640492,87643043,87643205,87644287,87644977,87645110,87645151,87645217,87645254,87645484,87645544,87645856,87646747,87646748,88173977,88175440,88175491,88175914,88177394,88178564,88179046,88179318,88180665,88180689,88180919,88182636,88183982,88184284,88184499,88186126,88188659,88244262,88244478,88245325,88248170,88315203,88315374,88315629,88316061,88316076,88317743,88317912,88318162,88318252,88318257,88318423,88326836,88326991,88327241,88327327,88327335,88327383,88327787,88328069,88328735,88328904,88329084,88329090,88329101,88329345,88329980,88330088,88330166,88330305,88330326,88330517,88330622,88330805,88330822,88330995,88331012,88331050,88331064,88331106,88331233,88331335,88331380,88334258,88334272,88334308,88334322,88334362,88334506,88334607,88334653,88387612,88852304,88852550,88853381,88853407,88853888,88855108,88855459,88857674,88857690,88858425,88859360,88860181,88860548,88861916,88862423,88862463,88863987,88864914,88866711,88866919,88867522,88873596,88874967,88875020,88875110,88875336,88892870,88893814,88895249,88895639,88896769,88900554,88901635,88902763,88903390,88904642,88904822,88905817,88906252,88906272,88907634,88907699,88907978,88910163,88910601,88910983,88911700,88913663,88944877,88946238,88946883,88947185,88948745,88951466,88951774,88952443,88952871,88954113,88954177,88955285,88957465,88958705,88959025,88960933,89148363,89148775,89149896,89149923,89150520,89151612,89151838,89152015,89152666,89153434,89153943,89154681,89156237,89156325,89156437,89156947,89158290,89159566,89160774,89160800,89161178,89161235,89162131,89163714,89163775,89164210,89178152,89178204,89178309,89178391,89178531,89178973,89178991,89179070,89179187,89179274,89179405,89179564,89179596,89179633,89179681,89180509,89180619,89180683,89180691,89180918,89180955,89181030,89181408,89181500,89185160,89234946,89235533,89235980,89248920,89250401,89560668,89561216,89637820,90049707,105320294,105592933,95705240,95771712,87639152,87639459,87640440,87641479,87644478,87644561,87645097,87645953,87646497,87646600,88178376,88178622,95382555,88179357,88180617,88180688,88183928,88184068,88184924,88185797,88187669,88187908,88188552,95854670,88243881,88244029,88244369,88245519,88245617,88315180,88315400,88315423,88315905,88316122,88317719,88317939,88317962,88318211,88318266,88326814,88327016,88327042,88327290,88327344,88328912,88329127,88329294,88329370,88329566,88329734,88330032,88330076,88330147,88330255,88330401,88330677,88330866,88331084,88331385,95691326,88334124,88334341,88334658,95855009,95854529,95855095,95855568,88852264,88852555,88853859,88856488,88856776,88857361,88857528,88857545,88857784,88858409,88858556,89312760,88860283,88860511,95073957,88864473,88865433,88865483,88866273,88866928,88868151,88868479,88868680,88869539,88871390,88873184,88873742,88873954,88875265,88875299,88893818,88894216,88898231,88900278,88900782,88902124,88903500,88904075,88904511,95234797,88907891,88908026,95302548,95539623,88910039,88910449,88911316,88911542,88912647,88912943,88913948,88916152,88944801,88946803,88948099,88949358,88949747,88956231,88956331,88956480,88960153,88960730,89147345,89148898,89149148,89149398,89149836,89151115,89151791,89152836,89153112,89156776,89156982,89158515,89158592,89160051,89160750,89162654,89163028,89178153,89178438,89178846,89178894,89179119,89179183,89179725,89179760,89179778,89179813,89179841,89179907,89179984,89179985,89180475,89180622,89181174,89181212,89181407,95383847,95302971,89193477,89193976,89234294,89235563,89235954,89236904,89238348,89239176,89239389,89239695,89239759,89239760,89239881,89239972,89240454,89241244,89241604,89241635,89241711,89243176,89243591,95370461,95382198,89243761,89243831,95382462,89244468,89245125,89245663,89246118,89246813,95537859,89247601,89247717,89248122,89248460,89248917,89249254,89249358,89249435,95387420,95422419,95383536,89250378,89250753,89251178,89251376,89251749,89252434,89252534,89253186,89253349,89253357,89306310,89306561,89306879,89308115,89309364,89311031,89312386,89312489,89312859,89312914,89313067,89313653,89314478,89314701,89315231,89315724,89315753,89316242,89316634,89317236,89317490,89317539,89317675,89318035,89318101,89318125,89318361,89318406,89318585,89318587,89318853,89319196,89319392,89319768,89319787,89319800,89319947,89320104,89320208,89320488,89320871,89321084,89321137,89321189,89321513,89321552,89321602,89321980,89559272,89559304,89559352,89559482,89559604,89559750,89559752,89559824,89559827,89559864,89559869,89560000,89560012,89560035,89560064,89560152,89560164,89560343,89560354,89560355,89560444,89560503,89560510,89560558,89560578,89560616,89560620,89560638,89560731,89560779,89560829,89560910,89561089,89561098,89561169,89561182,89561242,89561261,89561316,89561464,89561520,89561552,89561563,89561776,89561826,89561868,89561987,89562111,89562172,89562174,89562182,89562270,89562283,89562381,89562598,95773590,89565164,89635843,89635888,89635934,89635987,89636087,89636137,89636214,89636283,89636380,89636466,89636542,89636626,89636659,89636806,89636896,89636932,89636948,89636985,89637094,89637130,89637145,89637165,89637170,89637290,89637449,89637454,89637619,89637694,89637778,89637941,89638039,89638081,89638101,89638185,89638407,89638422,89638549,89638590,89638658,89638693,89638776,89638810,89638861,89639059,89639087,89639107,89639155,89639158,89639160,89639299,89639321,89639341,89639343,89766694,89767128,89767320,89767367,89767437,89767526,89767528,89767854,89768443,95622612,89772954,89772955,89772984,89773199,89773218,89773231,89773476,89773724,89773734,89773853,89774075,89774077,95692086,89985036,89985161,89985212,89985273,89985539,89985793,89985972,89986072,89986139,95696910,90045827,90046199,90049383,90049413,90049518,90049557,90049618,90049667,90049715,90049723,90049786,90049951,90049998,90050047,90050407,90050465,90050496,90050771,90051075,95697767,90059188,90059303,90059381,90059536,90059718,90059947,90059954,90060355,90060445,90060724,89774884,88948935,85284562,85286750,85291493,87634870,87635058,87636134,87636272,87637738,87638817,87639219,87639658,95247910,87640137,87640486,87641449,87642201,87642821,87642851,87643035,87643368,87644026,87644045,87644323,87644437,87645158,87645432,87645552,87646246,87646552,95011353,88173997,88175621,88178767,88179559,88180932,88183921,88184532,88184745,88245660,88315429,88317969,88327049,88328588,88328650,88328900,88329152,88329542,88329926,88330155,88330172,88330234,88330281,88330609,88331257,88331274,88331415,88334528,88334546,88334684,95073849,95427257,95855151,88857348,88857956,88858229,88860440,88862367,88863587,88865941,88868773,88868963,95074646,88870157,88871836,88872354,88874950,88875341,88875956,88876092,88895741,88896297,88896966,88897761,88898071,88898379,95233503,88898965,88899039,88902593,88903458,95234700,88906302,88906983,88911380,88912125,88914160,88914839,95161174,88944298,88946616,88950510,88951157,88954918,88956185,88956800,88956821,88957597,88958508,89146201,89150197,89152611,89153326,89154395,89154745,89155128,89156722,89157260,89159372,89159927,89160025,89160936,89163724,89178245,89178365,89178582,89178597,89178623,89178921,89179837,89180061,89180207,89180230,89180738,89180834,89181096,89181249,89181353,95382445,89188082,95431049,95303516,89234444,89235694,89235979,89236568,89237989,89238293,89239234,89239427,89241140,89242205,89244928,89245210,89245226,89246278,89247419,89248543,89249677,89253346,89306980,89307674,89309671,89311588,89312427,89314500,89315420,89315813,89317822,89319627,89320845,89320998,89559317,89559455,89559673,89559737,89559825,89559917,89559926,89560467,89560651,89561187,89561337,89561342,89562210,89562510,89635708,89635784,89635860,89636084,89636117,89636479,89636822,89636901,89637204,89637630,89637897,89637932,89638032,89638176,89638305,89638410,89638493,89638862,89639064,89639112,89639502,89639537,89639539,89766724,89766817,89766837,89766875,89767122,89767194,89767254,89767400,89767453,89767547,89767683,89767705,89767712,89767752,89767759,89767841,89767928,89767965,89772979,89773230,89773325,89773368,89773613,89773640,89773733,89773781,89773857,89773953,89774059,89774067,89774100,89774165,89774241,95691734,95692717,89984460,89984502,89984586,89984775,89984792,89984822,89984832,89984862,89984866,89985155,89985173,89985219,89985298,89985329,89985335,89985417,89985421,89985504,89985565,89985689,89985817,89985902,89985935,89986024,89986068,89986152,89986160,90045799,90045849,90045909,90045996,90046155,90046258,90046296,90049466,90049539,90049620,90049693,90049757,90050167,90050212,90050286,90050473,90050562,90050697,90050856,90050871,90052978,90053191,90059358,90059379,90059398,90059861,90059996,90060048,90060380,90060653,95697476,95691414,104524349,105593136,105592717,103787288,105591980,105868681,105885888,105315833,104557673,105865904,104247964,105884381)

--update T_Application set WorkflowState = 237088 ,Modified = getdate() where CompanyId =6402 and id in (87635909,87641012,87643682,87646848,88175455,88179403,88245137,88315331,88317872,88318555,88326953,88327411,88329539,88857007,88871957,88945312,88947091,88950521,88952071,88956773,89153863,89159933,89180032,89180444,89234799,89250425,89560236,89561524,95368596,89562191,89638380,89638814,89638884,89639437,89767669,89767745,89775433,89777938,90047450,90059469,90060482)

--insert into T_CandidateStateUpdate (CompanyId,ApplicationId,UserId,StateId,Date)
(select CompanyId,id,40972712,WorkflowState,Modified from T_application where id in  (87640531,87641313,87642384,87642747,87643535,87644329,87644690,88174476,88174541,88174768,88175388,88178004,88179556,88179890,88180574,88243681,88316000,88318240,88318755,88327314,88327446,88329525,88330096,88330200,88330211,88330303,88330562,88330668,88331242,88334512,88857315,88857695,88857927,88860980,88862808,88863074,88863282,88866526,88870131,88874134,88874500,88897765,88898380,88183036,88329148,95616512,88872234,88902863,88903237,88903306,88904720,88904844,88906140,88906656,88907042,88907525,88912705,88913394,95612746,88947349,88952870,88953097,88953099,88955067,88956349,88956499,89148917,89151087,89153536,89154747,89157258,89159376,89159914,89164082,89178168,89178230,89178586,89179692,89179750,89180621,89181359,89181361,89236587,89236897,89237280,89238098,89239630,89242456,89242619,89245432,89245468,89247427,89247762,89247978,89247985,89249087,89253077,89307347,89307842,89311321,89311752,89312900,89315322,89317392,89320679,89321655,89559372,89560111,89560532,89560695,89560904,89561462,89561610,89561810,89562091,89562149,89636441,89636475,89636734,89636754,89637090,89637591,89637859,89638288,89638600,89638636,89638655,89638980,89766665,89766718,89767094,89767294,89767593,89773459,89773597,89773877,89774062,89774210,89984454,89984539,89985026,89985152,89985296,89985697,89986114,89988335,90045819,90050811,90051134,90051161,90059264,90059275,90059541,90060505,90060530,87634657,87634748,87635738,87636276,87638215,87638271,87638473,87638814,87638930,87639102,87639629,87639786,87640492,87643043,87643205,87644287,87644977,87645110,87645151,87645217,87645254,87645484,87645544,87645856,87646747,87646748,88173977,88175440,88175491,88175914,88177394,88178564,88179046,88179318,88180665,88180689,88180919,88182636,88183982,88184284,88184499,88186126,88188659,88244262,88244478,88245325,88248170,88315203,88315374,88315629,88316061,88316076,88317743,88317912,88318162,88318252,88318257,88318423,88326836,88326991,88327241,88327327,88327335,88327383,88327787,88328069,88328735,88328904,88329084,88329090,88329101,88329345,88329980,88330088,88330166,88330305,88330326,88330517,88330622,88330805,88330822,88330995,88331012,88331050,88331064,88331106,88331233,88331335,88331380,88334258,88334272,88334308,88334322,88334362,88334506,88334607,88334653,88387612,88852304,88852550,88853381,88853407,88853888,88855108,88855459,88857674,88857690,88858425,88859360,88860181,88860548,88861916,88862423,88862463,88863987,88864914,88866711,88866919,88867522,88873596,88874967,88875020,88875110,88875336,88892870,88893814,88895249,88895639,88896769,88900554,88901635,88902763,88903390,88904642,88904822,88905817,88906252,88906272,88907634,88907699,88907978,88910163,88910601,88910983,88911700,88913663,88944877,88946238,88946883,88947185,88948745,88951466,88951774,88952443,88952871,88954113,88954177,88955285,88957465,88958705,88959025,88960933,89148363,89148775,89149896,89149923,89150520,89151612,89151838,89152015,89152666,89153434,89153943,89154681,89156237,89156325,89156437,89156947,89158290,89159566,89160774,89160800,89161178,89161235,89162131,89163714,89163775,89164210,89178152,89178204,89178309,89178391,89178531,89178973,89178991,89179070,89179187,89179274,89179405,89179564,89179596,89179633,89179681,89180509,89180619,89180683,89180691,89180918,89180955,89181030,89181408,89181500,89185160,89234946,89235533,89235980,89248920,89250401,89560668,89561216,89637820,90049707,105320294,105592933,95705240,95771712,87639152,87639459,87640440,87641479,87644478,87644561,87645097,87645953,87646497,87646600,88178376,88178622,95382555,88179357,88180617,88180688,88183928,88184068,88184924,88185797,88187669,88187908,88188552,95854670,88243881,88244029,88244369,88245519,88245617,88315180,88315400,88315423,88315905,88316122,88317719,88317939,88317962,88318211,88318266,88326814,88327016,88327042,88327290,88327344,88328912,88329127,88329294,88329370,88329566,88329734,88330032,88330076,88330147,88330255,88330401,88330677,88330866,88331084,88331385,95691326,88334124,88334341,88334658,95855009,95854529,95855095,95855568,88852264,88852555,88853859,88856488,88856776,88857361,88857528,88857545,88857784,88858409,88858556,89312760,88860283,88860511,95073957,88864473,88865433,88865483,88866273,88866928,88868151,88868479,88868680,88869539,88871390,88873184,88873742,88873954,88875265,88875299,88893818,88894216,88898231,88900278,88900782,88902124,88903500,88904075,88904511,95234797,88907891,88908026,95302548,95539623,88910039,88910449,88911316,88911542,88912647,88912943,88913948,88916152,88944801,88946803,88948099,88949358,88949747,88956231,88956331,88956480,88960153,88960730,89147345,89148898,89149148,89149398,89149836,89151115,89151791,89152836,89153112,89156776,89156982,89158515,89158592,89160051,89160750,89162654,89163028,89178153,89178438,89178846,89178894,89179119,89179183,89179725,89179760,89179778,89179813,89179841,89179907,89179984,89179985,89180475,89180622,89181174,89181212,89181407,95383847,95302971,89193477,89193976,89234294,89235563,89235954,89236904,89238348,89239176,89239389,89239695,89239759,89239760,89239881,89239972,89240454,89241244,89241604,89241635,89241711,89243176,89243591,95370461,95382198,89243761,89243831,95382462,89244468,89245125,89245663,89246118,89246813,95537859,89247601,89247717,89248122,89248460,89248917,89249254,89249358,89249435,95387420,95422419,95383536,89250378,89250753,89251178,89251376,89251749,89252434,89252534,89253186,89253349,89253357,89306310,89306561,89306879,89308115,89309364,89311031,89312386,89312489,89312859,89312914,89313067,89313653,89314478,89314701,89315231,89315724,89315753,89316242,89316634,89317236,89317490,89317539,89317675,89318035,89318101,89318125,89318361,89318406,89318585,89318587,89318853,89319196,89319392,89319768,89319787,89319800,89319947,89320104,89320208,89320488,89320871,89321084,89321137,89321189,89321513,89321552,89321602,89321980,89559272,89559304,89559352,89559482,89559604,89559750,89559752,89559824,89559827,89559864,89559869,89560000,89560012,89560035,89560064,89560152,89560164,89560343,89560354,89560355,89560444,89560503,89560510,89560558,89560578,89560616,89560620,89560638,89560731,89560779,89560829,89560910,89561089,89561098,89561169,89561182,89561242,89561261,89561316,89561464,89561520,89561552,89561563,89561776,89561826,89561868,89561987,89562111,89562172,89562174,89562182,89562270,89562283,89562381,89562598,95773590,89565164,89635843,89635888,89635934,89635987,89636087,89636137,89636214,89636283,89636380,89636466,89636542,89636626,89636659,89636806,89636896,89636932,89636948,89636985,89637094,89637130,89637145,89637165,89637170,89637290,89637449,89637454,89637619,89637694,89637778,89637941,89638039,89638081,89638101,89638185,89638407,89638422,89638549,89638590,89638658,89638693,89638776,89638810,89638861,89639059,89639087,89639107,89639155,89639158,89639160,89639299,89639321,89639341,89639343,89766694,89767128,89767320,89767367,89767437,89767526,89767528,89767854,89768443,95622612,89772954,89772955,89772984,89773199,89773218,89773231,89773476,89773724,89773734,89773853,89774075,89774077,95692086,89985036,89985161,89985212,89985273,89985539,89985793,89985972,89986072,89986139,95696910,90045827,90046199,90049383,90049413,90049518,90049557,90049618,90049667,90049715,90049723,90049786,90049951,90049998,90050047,90050407,90050465,90050496,90050771,90051075,95697767,90059188,90059303,90059381,90059536,90059718,90059947,90059954,90060355,90060445,90060724,89774884,88948935,85284562,85286750,85291493,87634870,87635058,87636134,87636272,87637738,87638817,87639219,87639658,95247910,87640137,87640486,87641449,87642201,87642821,87642851,87643035,87643368,87644026,87644045,87644323,87644437,87645158,87645432,87645552,87646246,87646552,95011353,88173997,88175621,88178767,88179559,88180932,88183921,88184532,88184745,88245660,88315429,88317969,88327049,88328588,88328650,88328900,88329152,88329542,88329926,88330155,88330172,88330234,88330281,88330609,88331257,88331274,88331415,88334528,88334546,88334684,95073849,95427257,95855151,88857348,88857956,88858229,88860440,88862367,88863587,88865941,88868773,88868963,95074646,88870157,88871836,88872354,88874950,88875341,88875956,88876092,88895741,88896297,88896966,88897761,88898071,88898379,95233503,88898965,88899039,88902593,88903458,95234700,88906302,88906983,88911380,88912125,88914160,88914839,95161174,88944298,88946616,88950510,88951157,88954918,88956185,88956800,88956821,88957597,88958508,89146201,89150197,89152611,89153326,89154395,89154745,89155128,89156722,89157260,89159372,89159927,89160025,89160936,89163724,89178245,89178365,89178582,89178597,89178623,89178921,89179837,89180061,89180207,89180230,89180738,89180834,89181096,89181249,89181353,95382445,89188082,95431049,95303516,89234444,89235694,89235979,89236568,89237989,89238293,89239234,89239427,89241140,89242205,89244928,89245210,89245226,89246278,89247419,89248543,89249677,89253346,89306980,89307674,89309671,89311588,89312427,89314500,89315420,89315813,89317822,89319627,89320845,89320998,89559317,89559455,89559673,89559737,89559825,89559917,89559926,89560467,89560651,89561187,89561337,89561342,89562210,89562510,89635708,89635784,89635860,89636084,89636117,89636479,89636822,89636901,89637204,89637630,89637897,89637932,89638032,89638176,89638305,89638410,89638493,89638862,89639064,89639112,89639502,89639537,89639539,89766724,89766817,89766837,89766875,89767122,89767194,89767254,89767400,89767453,89767547,89767683,89767705,89767712,89767752,89767759,89767841,89767928,89767965,89772979,89773230,89773325,89773368,89773613,89773640,89773733,89773781,89773857,89773953,89774059,89774067,89774100,89774165,89774241,95691734,95692717,89984460,89984502,89984586,89984775,89984792,89984822,89984832,89984862,89984866,89985155,89985173,89985219,89985298,89985329,89985335,89985417,89985421,89985504,89985565,89985689,89985817,89985902,89985935,89986024,89986068,89986152,89986160,90045799,90045849,90045909,90045996,90046155,90046258,90046296,90049466,90049539,90049620,90049693,90049757,90050167,90050212,90050286,90050473,90050562,90050697,90050856,90050871,90052978,90053191,90059358,90059379,90059398,90059861,90059996,90060048,90060380,90060653,95697476,95691414,104524349,105593136,105592717,103787288,105591980,105868681,105885888,105315833,104557673,105865904,104247964,105884381)


--insert into T_CandidateStateUpdate (CompanyId,ApplicationId,UserId,StateId,Date)
(select CompanyId,id,40972712,WorkflowState,Modified from T_application where id in  (87635909,87641012,87643682,87646848,88175455,88179403,88245137,88315331,88317872,88318555,88326953,88327411,88329539,88857007,88871957,88945312,88947091,88950521,88952071,88956773,89153863,89159933,89180032,89180444,89234799,89250425,89560236,89561524,95368596,89562191,89638380,89638814,89638884,89639437,89767669,89767745,89775433,89777938,90047450,90059469,90060482)


--disposition Update :- 

--Candidate Withdrew:-
--update T_Application set Disposition = 73895, Modified = getdate() where CompanyId =6402 and id in (87640531,87641313,87642384,87642747,87643535,87644329,87644690,88174476,88174541,88174768,88175388,88178004,88179556,88179890,88180574,88243681,88316000,88318240,88318755,88327314,88327446,88329525,88330096,88330200,88330211,88330303,88330562,88330668,88331242,88334512,88857315,88857695,88857927,88860980,88862808,88863074,88863282,88866526,88870131,88874134,88874500,88897765,88898380,95616512,88902863,88903237,88903306,88904720,88904844,88906140,88906656,88907042,88907525,88912705,88913394,95612746,88947349,88952870,88953097,88953099,88955067,88956349,88956499,89151087,89153536,89154747,89157258,89159376,89159914,89164082,89178168,89178230,89178586,89179692,89180621,89181359,89181361,89236587,89236897,89237280,89238098,89239630,89242456,89242619,89245432,89245468,89247427,89247978,89247985,89249087,89253077,89307347,89307842,89311321,89311752,89312900,89315322,89317392,89321655,89560111,89560532,89560904,89561462,89561610,89561810,89562091,89562149,89636441,89636475,89636734,89636754,89637090,89637591,89637859,89638600,89638636,89638655,89638980,89766665,89766718,89767094,89767294,89767593,89773459,89773597,89773877,89774062,89774210,89984454,89984539,89985026,89985152,89985296,89985697,89986114,89988335,90045819,90051134,90051161,90059264,90059275,90059541,90060505,90060530)

--Closed (See Comments):-
--update T_Application set Disposition = 86277, Modified = getdate() where CompanyId =6402 and id in (88183036,88872234,89148917,89248920,89250401,89560668,89637820,85284562,85286750,85291493,87634870,87635058,87636134,87636272,87637738,87638817,87639219,87639658,87640137,87640486,87641449,87642201,87642821,87642851,87643035,87643368,87644026,87644045,87644323,87644437,87645158,87645432,87645552,87646246,87646552,95011353,88173997,88175621,88178767,88179559,88180932,88183921,88184532,88184745,88245660,88315429,88317969,88327049,88328588,88328650,88328900,88329152,88329542,88329926,88330155,88330172,88330234,88330281,88330609,88331257,88331274,88331415,88334528,88334546,88334684,95073849,95427257,95855151,88857348,88857956,88858229,88860440,88862367,88863587,88865941,88868773,88868963,95074646,88870157,88871836,88872354,88874950,88875341,88875956,88876092,88895741,88896297,88896966,88897761,88898071,88898379,88898965,88899039,88902593,88903458,88906302,88906983,88911380,88912125,88914160,88914839,95161174,88944298,88946616,88950510,88951157,88954918,88956185,88956800,88956821,88957597,88958508,89146201,89150197,89152611,89153326,89154395,89154745,89155128,89156722,89157260,89159372,89159927,89160025,89160936,89163724,89178245,89178365,89178582,89178597,89178623,89178921,89179837,89180061,89180207,89180230,89180738,89180834,89181096,89181249,89181353,95382445,89188082,95431049,89234444,89235694,89235979,89236568,89237989,89238293,89239234,89239427,89241140,89242205,89244928,89245210,89245226,89246278,89247419,89248543,89249677,89253346,89306980,89307674,89309671,89311588,89312427,89314500,89315420,89315813,89317822,89319627,89320845,89320998,89559317,89559455,89559673,89559737,89559825,89559917,89559926,89560467,89560651,89561187,89561337,89561342,89562210,89562510,89635708,89635784,89635860,89636084,89636117,89636479,89636822,89636901,89637204,89637630,89637897,89637932,89638032,89638176,89638305,89638410,89638493,89638862,89639064,89639112,89766724,89766837,89766875,89767194,89767254,89767453,89767965,89773325,89773368,89773640,89773733,89773857,89773953,89774059,89774067,89774100,89774165,95691734,89984502,89984586,89984792,89984832,89984862,89985155,89985173,89985219,89985417,89985421,89985817,89985935,90045996,90046296,90049466,90049539,90049620,90049757,90050286,90050562,90050871,90052978,90059398,90059861,90060653)

--Duplicate Submission:-
--update T_Application set Disposition = 86279, Modified = getdate() where CompanyId =6402 and id in (90049707,105320294,105592933,105593136,105315833,105884381)

--Hired :-
--update T_Application set Disposition = 73897, modified = getdate() where CompanyId =6402 and id in (87635909,87641012,87643682,87646848,88175455,88179403,88245137,88315331,88317872,88318555,88326953,88327411,88329539,88857007,88871957,88945312,88947091,88950521,88952071,88956773,89153863,89159933,89180032,89180444,89234799,89250425,89560236,89561524,95368596,89562191,89638380,89638814,89638884,89639437,89767669,89767745,89775433,89777938,90047450,90059469,90060482)

--Interviewed | No Match :- 	
--update T_Application set Disposition = 73892, modified = getdate() where CompanyId =6402 and id in (87635738,87638215,87638271,87639152,87639459,87640440,87641479,87644478,87644561,87645097,87645953,87646497,87646600,88178376,88178622,88179357,88180617,88180688,88183928,88184068,88184924,88185797,88187669,88187908,88188552,88243881,88244029,88244369,88245519,88245617,88315180,88315400,88315423,88315905,88316122,88317719,88317939,88317962,88318211,88318266,88326814,88327016,88327042,88327290,88327344,88328912,88329127,88329294,88329370,88329566,88329734,88330032,88330076,88330147,88330255,88330401,88330677,88330866,88331084,88331385,88334124,88334341,88334658,88852264,88852555,88853859,88856488,88856776,88857361,88857528,88857545,88857784,88858409,88858556,88860283,88860511,88864473,88865433,88865483,88866273,88866928,88868151,88868479,88868680,88869539,88871390,88873184,88873742,88873954,88875265,88875299,88893818,88894216,88898231,88900278,88900782,88902124,88903500,88904075,88904511,88907891,88908026,88910039,88910449,88911316,88911542,88912647,88912943,88913948,88916152,88944801,88946803,88948099,88949358,88949747,88956231,88956331,88956480,88960153,88960730,89147345,89148898,89149148,89149398,89149836,89151115,89151791,89152836,89153112,89156776,89156982,89158515,89158592,89160051,89160750,89162654,89163028,89178153,89178438,89178846,89178894,89179119,89179183,89179725,89179760,89179778,89179813,89179841,89179907,89179984,89179985,89180475,89180622,89181174,89181212,89181407,89193477,89193976,89234294,89235563,89235954,89238348,89239389,89239695,89239760,89239881,89241244,89241604,89241711,89243176,89243591,89243831,89244468,89247601,89247717,89248122,89248917,89249358,89252534,89306310,89306879,89308115,89315724,89317236,89317490,89318101,89318361,89318587,89319392,89319947,89320104,89320488,89321980,89559304,89559352,89559482,89559604,89559750,89559752,89560000,89560012,89560035,89560152,89560355,89560578,89560616,89560731,89560779,89560829,89561089,89561261,89561316,89561520,89561776,89561868,89561987,89562172,89562283,89562381,89635987,89636380,89636806,89636896,89636932,89637094,89637130,89637165,89637619,89637778,89638039,89638101,89638185,89638407,89638422,89638549,89638590,89638693,89638861,89639087,88948935,95247910,95233503,95234700,95303516,89639502,89639537,89639539,89766817,89767122,89767400,89767547,89767683,89767705,89767712,89767752,89767759,89767841,89767928,89772979,89773230,89773613,89773781,89774241,95692717,89984460,89984775,89984822,89984866,89985298,89985329,89985335,89985504,89985565,89985689,89985902,89986024,89986068,89986152,89986160,90045799,90045849,90045909,90046155,90046258,90049693,90050167,90050212,90050473,90050697,90050856,90053191,90059358,90059379,90059996,90060048,90060380,95697476,95691414)

--Interviewed|After In-office Screening :- 
--update T_Application set Disposition = 86280, modified = getdate() where CompanyId =6402 and id in (104557673)

--Not Interviewed | Shld/Mgr Declined:-
--update T_Application set Disposition = 86282, modified = getdate() where CompanyId =6402 and id in (104524349,105592717,103787288,105591980,105868681,105885888,105865904)

--Not Interviewed |Candidate Declined :-
--update T_Application set Disposition = 86283, modified = getdate() where CompanyId =6402 and id in (104247964)

--OCI | After Campus Meeting :-	
--update T_Application set Disposition = 86284, modified = getdate() where CompanyId =6402 and id in (87634657,87634748,87636276,87638473,87638814,87638930,87639102,87639629,87639786,87640492,87643043,87643205,87644287,87644977,87645110,87645151,87645217,87645254,87645484,87645544,87645856,87646747,87646748,88175440,88175491,88175914,88177394,88178564,88179046,88179318,88180665,88180689,88180919,88182636,88183982,88184284,88184499,88186126,88188659,88244262,88244478,88245325,88248170,88315203,88315374,88315629,88316061,88316076,88317743,88317912,88318162,88318252,88318257,88318423,88326836,88326991,88327241,88327327,88327335,88327383,88327787,88328069,88328735,88328904,88329084,88329090,88329101,88329345,88329980,88330088,88330166,88330305,88330326,88330517,88330622,88330805,88330822,88330995,88331012,88331050,88331064,88331106,88331233,88331335,88331380,88334258,88334272,88334308,88334322,88334362,88334506,88334607,88334653,88387612,88852304,88852550,88853381,88853407,88853888,88855108,88855459,88857674,88857690,88858425,88859360,88860181,88860548,88861916,88862423,88862463,88863987,88864914,88866711,88866919,88867522,88873596,88874967,88875020,88875110,88875336,88892870,88893814,88895249,88895639,88896769,88900554,88901635,88902763,88903390,88904642,88904822,88905817,88906252,88906272,88907634,88907699,88907978,88910163,88910601,88910983,88911700,88913663,88944877,88946238,88946883,88947185,88948745,88951466,88951774,88952443,88952871,88954113,88954177,88955285,88957465,88958705,88959025,88960933,89148363,89148775,89149896,89149923,89150520,89151612,89151838,89152015,89152666,89153434,89153943,89154681,89156237,89156325,89156437,89156947,89158290,89159566,89160774,89160800,89161178,89161235,89162131,89163714,89163775,89164210,89178152,89178204,89178309,89178391,89178531,89178973,89179070,89179187,89179274,89179405,89179564,89179596,89179633,89179681,89180509,89180619,89180683,89180691,89180918,89180955,89181030,89181408,89181500,89185160,89234946,89235533,89235980,95705240,95771712,95382555,95854670,95691326,95855009,95854529,95855095,95855568,89312760,95073957,95234797,95302548,95539623,95383847,95302971,89236904,89239176,89239759,89239972,89240454,89241635,95370461,95382198,89243761,95382462,89245125,89245663,89246118,89246813,95537859,89248460,89249254,89249435,95387420,95422419,95383536,89250378,89250753,89251178,89251376,89251749,89252434,89253186,89253349,89253357,89306561,89309364,89311031,89312386,89312489,89312859,89312914,89313067,89313653,89314478,89314701,89315231,89315753,89316242,89316634,89317539,89317675,89318035,89318125,89318406,89318585,89318853,89319196,89319768,89319787,89319800,89320208,89320871,89321084,89321137,89321189,89321513,89321552,89321602,89559272,89559824,89559827,89559864,89559869,89560064,89560164,89560343,89560354,89560444,89560503,89560510,89560558,89560620,89560638,89560910,89561098,89561169,89561182,89561242,89561464,89561552,89561563,89561826,89562111,89562174,89562182,89562270,89562598,95773590,89565164,89635843,89635888,89635934,89636087,89636137,89636214,89636283,89636466,89636542,89636626,89636659,89636948,89636985,89637145,89637170,89637290,89637449,89637454,89637694,89637941,89638081,89638658,89638776,89638810,89639059,89639107,89639155,89639158,89639160,89639299,89639321,89639341,89639343,89766694,89767128,89767320,89767367,89767437,89767526,89767528,89767854,89768443,95622612,89772954,89772955,89772984,89773199,89773218,89773231,89773476,89773724,89773734,89773853,89774075,89774077,95692086,89985036,89985161,89985212,89985273,89985539,89985793,89985972,89986072,89986139,95696910,90045827,90046199,90049383,90049413,90049518,90049557,90049618,90049667,90049715,90049723,90049786,90049951,90049998,90050047,90050407,90050465,90050496,90050771,90051075,95697767,90059188,90059303,90059381,90059536,90059718,90059947,90059954,90060355,90060445,90060724,89774884)

--OCI | No Show After Campus Meeting :-
--update T_Application set Disposition = 86287, modified = getdate() where CompanyId =6402 and id in (88329148,89179750,89247762,89320679,89560695,89638288,90050811)

--Offer Rescinded :-	
--update T_Application set Disposition = 76803, modified = getdate() where CompanyId =6402 and id in (89559372)

--Phone Interview | No Match	
--update T_Application set Disposition = 73891, modified = getdate() where CompanyId =6402 and id in (88173977,89178991,89561216)


--Rollback script :-

--update T_Application set WorkflowState = 248449 ,Modified = getdate() where CompanyId =6402 and id in (87640531,87645331,87646116,88178375,88245390,88332298,88901551,88905993,88909762,88911311,88944559,88944964,88953686,88960897,89146953,89148944,89163040,89182273,89191443,89191798,89193605,89247703,89307378,89307788,89309412,89315634,89316888,89320820,89563642,89566012,89639727,89641444,89643131,89644151,89644781,89646847,89647383,89768400,89770559,89986937,89987408,89987564,89988848,90054230,95652746,95695850,95818381,95819485,95821569,95826382,95891208,95893852,95915531,95915886,95996639,96000189,96000717,96001990,96004425,96008885,96009867,96013124,96236231,96238871,96239252,96239847,96387858,96441256,96442721,96442931,96444205,96444903,96445993,96448005,96465415,96563359,96564105,96867660,98208982,98214143,98216136,98654694,98712147,98712637,99020050,99026904,99097015,99111102,99116249,99118814,99119770,101326939)
--update T_Application set WorkflowState = 251048 ,Modified = getdate() where CompanyId =6402 and id in (87635909,83083151,83181401,83198739,83920970,83936006,84301990,84536867,85264216,86456583,88799506,89506222,90478869,90511650,90566340,91674658,92911940,93293647,93396570,93507587,93585438,94754510,94794897,95053685,95208834,96152226,96650730,96666126,97175708,97952435,98035183,98473051,98612823,98811342,98812756,99173468,99299544,99380969,99669983,99867709,100175731,100241396,100322759,100411887,100488667,100693077,100758708,101362663,101694690,101817445,101943381)


--Rollback for disposition :-

--update T_Application set  Disposition = 0 , Modified = getdate() where CompanyId = 6402 and id in (83053501,83083151,83181401,83198739,83450571,83512639,83668487,84141682,84194013,84584714,84837549,84888982,84967966,85154167,85210332,85210495,85210651,85264216,85278511,85279616,85284546,85285527,85286756,85288315,85291263,85291462,85337533,85457612,85457621,85457626,85457649,85457735,85457753,85457763,85457768,85457775,85457785,85457955,85457977,85458016,85458110,85458123,85458144,85458159,85458290,85458329,85458340,85458352,85458440,85458480,85458602,85458612,85458650,85458921,85458939,85458964,85459088,85459159,85459163,85459173,85459199,85459237,85459241,85459288,85459325,85459338,85459454,85459650,85459664,85459682,85459705,85459781,85459800,85459929,85459937,85459968,85460000,85460243,85460258,85460279,85460285,85460299,85460314,85460346,85460351,85460459,85460546,85460595,85460607,85460691,85460729,85460800,85460878,85460914,85460960,85461187,85461263,85461302,85461327,85461410,85461447,85461475,85461513,85461574,85461586,85461628,85461665,85461752,85461764,85461877,85461894,85462017,85462042,85462054,85462115,85462124,85462192,85462276,85462299,85462325,85462367,85462460,85462555,85462595,85462608,85462625,85462663,85462710,85462719,85462800,85462885,85462901,85462939,85462955,85463045,85463068,85463075,85463145,85463172,85463181,85463186,85463206,85463223,85463266,85463270,85463382,85463414,85463444,85463503,85463607,85463620,85615002,85615343,85665672,85667040,85667908,85725114,85725117,85725138,85725141,85725153,85725161,85725198,85725219,85725232,85725235,85725260,85725277,85725288,85725317,85725365,85725369,85725379,85725405,85725414,85725424,85725428,85725430,85725437,85725482,85725519,85725528,85725550,85725564,85725632,85725644,85725653,85725685,85725694,85725702,85725705,85725717,85725719,85725722,85725730,85741835,85746024,85799791,85799800,85799821,85799828,85799833,85799840,85799846,85799872,85934581,86003853,86003859,86003902,86003996,86004931,86005199,86005228,86007043,86007696,86007761,86007792,86008185,86008200,86008215,86008638,86023947,86024973,86083591,86120593,86131012,86134168,86134277,86134482,86134670,86134685,86134730,86134750,86134791,86135041,86135186,86135285,86149970,86191522,86201263,86221584,86222791,86456583,86519261,86534850,86545528,86551238,86593971,86633165,86679437,86690918,86692442,86693488,86739757,86740850,86742492,86751647,86752630,86752951,86753386,86762964,86763081,86763161,86819596,86894212,86900915,87028896,87029217,87029271,87029358,87029395,87029513,87029602,87029722,87029738,87029752,87029852,87029981,87030102,87030174,87030189,87030233,87030240,87030368,87030596,87030620,87030665,87030699,87030713,87030719,87030909,87030979,87031180,87031311,87031358,87031471,87031592,87031650,87031744,87031854,87031887,87032131,87032219,87032273,87032328,87032342,87032616,87032619,87032800,87032827,87032840,87032935,87033025,87033027,87033273,87033283,87033294,87033304,87033608,87033735,87033799,87033809,87034071,87034094,87034172,87034239,87034294,87034460,87034573,87098259,87106786,87108538,87284789,87473024,87473267,87531862,87534794,87603026,87634328,87634338,87634339,87634344,87634346,87634357,87634366,87634367,87634369,87634382,87634388,87634401,87634407,87634412,87634417,87634423,87634425,87634433,87634437,87634449,87634451,87634457,87634459,87634469,87634487,87634493,87634512,87634515,87634527,87634543,87634550,87634551,87634560,87634575,87634577,87634584,87634595,87634621,87634631,87634634,87634636,87634640,87634643,87634654,87634655,87634656,87634659,87634662,87634665,87634680,87634685,87634698,87634700,87634704,87634712,87634720,87634734,87634739,87634744,87634746,87634747,87634757,87634761,87634766,87634768,87634782,87634783,87634792,87634796,87634812,87634819,87634824,87634827,87634838,87634840,87634846,87634848,87634850,87634856,87634867,87634875,87634880,87634888,87634899,87634901,87634908,87634909,87634921,87634927,87634928,87634929,87634935,87634942,87634943,87634945,87634976,87634978,87634979,87634982,87634991,87634992,87634994,87634995,87634996,87634998,87634999,87635003,87635010,87635014,87635019,87635031,87635043,87635044,87635060,87635064,87635065,87635067,87635068,87635069,87635073,87635079,87635086,87635097,87635101,87635113,87635116,87635124,87635126,87635131,87635142,87635155,87635158,87635162,87635166,87635172,87635175,87635177,87635180,87635203,87635206,87635219,87635222,87635223,87635232,87635244,87635245,87635247,87635251,87635260,87635262,87635269,87635273,87635279,87635280,87635292,87635298,87635303,87635308,87635309,87635311,87635313,87635320,87635328,87635343,87635344,87635345,87635364,87635372,87635383,87635384,87635386,87635388,87635395,87635401,87635415,87635417,87635425,87635428,87635432,87635437,87635438,87635440,87635441,87635445,87635457,87635465,87635473,87635482,87635489,87635499,87635506,87635517,87635531,87635544,87635561,87635586,87635601,87635602,87635611,87635616,87635619,87635622,87635627,87635628,87635635,87635639,87635641,87635653,87635654,87635659,87635661,87635669,87635672,87635673,87635674,87635675,87635681,87635684,87635688,87635696,87635701,87635709,87635711,87635714,87635721,87635728,87635730,87635734,87635737,87635742,87635763,87635766,87635767,87635780,87635791,87635793,87635795,87635796,87635807,87635826,87635827,87635832,87635842,87635845,87635850,87635858,87635863,87635870,87635871,87635877,87635884,87635886,87635892,87635895,87635913,87635918,87635920,87635924,87635933,87635947,87635949,87635950,87635960,87635970,87635977,87635988,87635997,87635998,87636002,87636003,87636010,87636014,87636015,87636016,87636030,87636033,87636036,87636041,87636042,87636053,87636056,87636064,87636072,87636074,87636078,87636080,87636081,87636085,87636091,87636097,87636101,87636121,87636130,87636140,87636148,87636156,87636163,87636168,87636170,87636171,87636173,87636189,87636196,87636209,87636212,87636216,87636221,87636241,87636260,87636261,87636264,87636270,87636281,87636283,87636288,87636294,87636300,87636312,87636316,87636329,87636341,87636359,87636371,87636376,87636378,87636381,87636387,87636405,87636407,87636410,87636414,87636418,87636431,87636432,87636438,87636439,87636444,87636458,87636464,87636469,87636474,87636475,87636483,87636485,87636495,87636496,87636503,87636536,87636538,87636551,87636556,87636561,87636572,87636574,87636583,87636587,87636593,87636594,87636614,87636615,87636624,87636628,87636636,87636646,87636655,87636666,87636674,87636678,87636679,87636680,87636682,87636693,87636704,87636713,87636714,87636719,87636731,87636745,87636760,87636762,87636763,87636765,87636767,87636769,87636771,87636777,87636781,87636791,87636796,87636798,87636829,87636830,87636831,87636834,87636836,87636839,87636842,87636843,87636846,87636847,87636848,87636883,87636887,87636890,87636891,87636896,87636904,87636907,87636914,87636921,87636941,87636943,87636947,87636971,87636977,87636979,87636984,87637002,87637003,87637013,87637028,87637033,87637039,87637041,87637049,87637053,87637063,87637067,87637078,87637087,87637090,87637092,87637095,87637096,87637110,87637123,87637129,87637134,87637135,87637139,87637145,87637151,87637154,87637181,87637193,87637200,87637201,87637203,87637207,87637211,87637213,87637215,87637223,87637233,87637247,87637249,87637261,87637265,87637272,87637275,87637278,87637291,87637292,87637295,87637300,87637303,87637304,87637315,87637318,87637328,87637336,87637352,87637355,87637358,87637359,87637363,87637368,87637373,87637376,87637378,87637381,87637390,87637391,87637397,87637406,87637412,87637413,87637421,87637423,87637430,87637434,87637435,87637443,87637446,87637455,87637458,87637460,87637468,87637469,87637470,87637474,87637475,87637494,87637507,87637530,87637531,87637536,87637547,87637557,87637568,87637573,87637576,87637580,87637581,87637601,87637613,87637615,87637635,87637638,87637645,87637647,87637648,87637649,87637655,87637658,87637673,87637679,87637695,87637700,87637704,87637711,87637713,87637720,87637726,87637732,87637737,87637752,87637767,87637771,87637783,87637786,87637790,87637791,87637794,87637796,87637799,87637801,87637807,87637820,87637825,87637828,87637843,87637852,87637856,87637860,87637865,87637878,87637887,87637912,87637916,87637917,87637920,87637922,87637932,87637933,87637959,87637967,87637968,87637979,87637993,87638002,87638006,87638018,87638044,87638046,87638047,87638052,87638056,87638061,87638062,87638065,87638066,87638068,87638072,87638079,87638085,87638093,87638094,87638095,87638103,87638104,87638114,87638117,87638121,87638123,87638130,87638135,87638137,87638142,87638161,87638163,87638164,87638165,87638171,87638177,87638183,87638185,87638191,87638196,87638199,87638241,87638260,87638272,87638274,87638276,87638285,87638287,87638295,87638312,87638314,87638320,87638321,87638323,87638340,87638342,87638344,87638345,87638362,87638372,87638383,87638387,87638415,87638417,87638432,87638437,87638450,87638460,87638469,87638477,87638478,87638488,87638490,87638491,87638493,87638504,87638507,87638509,87638515,87638523,87638525,87638541,87638542,87638550,87638567,87638574,87638576,87638579,87638582,87638590,87638595,87638601,87638602,87638616,87638631,87638637,87638639,87638644,87638660,87638662,87638663,87638675,87638683,87638686,87638688,87638707,87638719,87638725,87638733,87638736,87638744,87638750,87638751,87638754,87638759,87638768,87638799,87638808,87638810,87638819,87638824,87638829,87638833,87638834,87638837,87638843,87638844,87638855,87638858,87638862,87638867,87638875,87638876,87638890,87638892,87638904,87638905,87638909,87638911,87638916,87638918,87638935,87638937,87638940,87638945,87638973,87638974,87638977,87638979,87638993,87638999,87639003,87639009,87639010,87639014,87639025,87639028,87639035,87639040,87639046,87639056,87639083,87639084,87639090,87639091,87639103,87639106,87639109,87639111,87639112,87639113,87639114,87639125,87639127,87639129,87639133,87639136,87639150,87639158,87639161,87639165,87639167,87639171,87639174,87639183,87639187,87639231,87639234,87639243,87639246,87639251,87639252,87639270,87639280,87639284,87639289,87639303,87639309,87639312,87639320,87639328,87639332,87639335,87639338,87639344,87639356,87639359,87639365,87639367,87639374,87639385,87639388,87639406,87639408,87639414,87639420,87639422,87639424,87639434,87639436,87639437,87639440,87639442,87639458,87639463,87639470,87639473,87639475,87639492,87639498,87639511,87639516,87639530,87639535,87639539,87639545,87639546,87639557,87639558,87639561,87639571,87639580,87639581,87639583,87639592,87639594,87639598,87639600,87639603,87639606,87639612,87639619,87639648,87639654,87639660,87639662,87639669,87639670,87639674,87639681,87639682,87639683,87639695,87639698,87639705,87639711,87639715,87639720,87639729,87639737,87639741,87639750,87639756,87639766,87639769,87639784,87639806,87639827,87639830,87639837,87639841,87639845,87639849,87639854,87639865,87639867,87639869,87639875,87639881,87639884,87639887,87639892,87639896,87639906,87639909,87639912,87639915,87639943,87639948,87639962,87639964,87639967,87639972,87639980,87639988,87639998,87640001,87640006,87640008,87640010,87640016,87640018,87640020,87640032,87640039,87640044,87640053,87640054,87640055,87640057,87640074,87640077,87640087,87640088,87640089,87640093,87640096,87640098,87640099,87640106,87640111,87640121,87640125,87640135,87640136,87640140,87640141,87640144,87640164,87640167,87640171,87640177,87640183,87640186,87640188,87640189,87640190,87640193,87640197,87640221,87640230,87640266,87640269,87640276,87640281,87640289,87640293,87640295,87640304,87640310,87640311,87640315,87640317,87640321,87640324,87640327,87640338,87640347,87640353,87640364,87640369,87640370,87640388,87640397,87640423,87640431,87640443,87640461,87640471,87640473,87640474,87640479,87640480,87640484,87640489,87640501,87640513,87640514,87640536,87640541,87640547,87640551,87640559,87640563,87640571,87640573,87640577,87640578,87640579,87640581,87640584,87640585,87640590,87640593,87640594,87640602,87640605,87640615,87640617,87640663,87640678,87640683,87640709,87640710,87640715,87640752,87640756,87640757,87640763,87640770,87640815,87640818,87640821,87640825,87640830,87640836,87640843,87640849,87640852,87640854,87640860,87640865,87640868,87640869,87640874,87640879,87640880,87640885,87640900,87640909,87640927,87640928,87640932,87640933,87640934,87640944,87640947,87640953,87640958,87640962,87640969,87640976,87640978,87640981,87640983,87640986,87640987,87640997,87641023,87641028,87641036,87641041,87641063,87641066,87641070,87641075,87641076,87641077,87641079,87641087,87641091,87641110,87641120,87641122,87641127,87641140,87641142,87641150,87641159,87641160,87641182,87641183,87641207,87641208,87641213,87641218,87641224,87641226,87641245,87641260,87641265,87641280,87641281,87641308,87641315,87641317,87641318,87641319,87641321,87641323,87641324,87641334,87641338,87641341,87641349,87641351,87641360,87641364,87641371,87641388,87641391,87641406,87641407,87641409,87641417,87641425,87641436,87641437,87641443,87641445,87641452,87641462,87641485,87641490,87641491,87641504,87641507,87641509,87641519,87641526,87641553,87641565,87641570,87641572,87641581,87641586,87641605,87641608,87641609,87641610,87641615,87641630,87641635,87641636,87641645,87641648,87641656,87641661,87641674,87641675,87641677,87641685,87641686,87641700,87641707,87641717,87641726,87641727,87641731,87641740,87641741,87641743,87641744,87641745,87641753,87641758,87641760,87641775,87641777,87641780,87641783,87641795,87641797,87641800,87641808,87641814,87641820,87641830,87641836,87641840,87641843,87641849,87641850,87641866,87641873,87641879,87641881,87641884,87641893,87641911,87641914,87641924,87641933,87641942,87641952,87641955,87641969,87641974,87641975,87641976,87641978,87641984,87641985,87642003,87642006,87642010,87642021,87642035,87642039,87642045,87642046,87642064,87642068,87642075,87642076,87642077,87642089,87642094,87642099,87642104,87642112,87642126,87642130,87642135,87642136,87642140,87642153,87642155,87642164,87642165,87642171,87642172,87642175,87642179,87642182,87642186,87642190,87642207,87642227,87642228,87642239,87642240,87642241,87642245,87642246,87642299,87642306,87642309,87642310,87642327,87642347,87642349,87642376,87642377,87642378,87642383,87642389,87642393,87642396,87642397,87642399,87642405,87642407,87642414,87642423,87642431,87642432,87642437,87642444,87642445,87642446,87642452,87642454,87642463,87642465,87642467,87642472,87642474,87642479,87642503,87642518,87642523,87642528,87642530,87642531,87642538,87642539,87642546,87642550,87642554,87642565,87642571,87642573,87642576,87642600,87642620,87642629,87642635,87642642,87642646,87642649,87642652,87642654,87642657,87642668,87642671,87642673,87642682,87642683,87642684,87642694,87642697,87642699,87642702,87642703,87642711,87642728,87642743,87642758,87642768,87642779,87642780,87642787,87642794,87642795,87642796,87642802,87642803,87642804,87642811,87642812,87642828,87642832,87642838,87642849,87642850,87642861,87642865,87642869,87642883,87642885,87642901,87642905,87642908,87642910,87642925,87642926,87642930,87642933,87642935,87642938,87642941,87642945,87642961,87642963,87642992,87642994,87643009,87643011,87643014,87643025,87643028,87643031,87643033,87643045,87643052,87643067,87643083,87643084,87643085,87643086,87643093,87643096,87643109,87643112,87643126,87643129,87643138,87643139,87643143,87643150,87643156,87643169,87643185,87643194,87643196,87643199,87643200,87643201,87643216,87643217,87643218,87643222,87643230,87643235,87643239,87643241,87643250,87643254,87643258,87643260,87643266,87643268,87643279,87643298,87643308,87643311,87643318,87643321,87643324,87643325,87643327,87643329,87643332,87643335,87643336,87643343,87643352,87643353,87643363,87643364,87643371,87643376,87643380,87643384,87643385,87643390,87643391,87643399,87643402,87643408,87643429,87643445,87643447,87643456,87643458,87643471,87643477,87643491,87643498,87643502,87643503,87643562,87643564,87643570,87643571,87643579,87643592,87643594,87643600,87643611,87643619,87643640,87643648,87643650,87643657,87643666,87643677,87643678,87643710,87643711,87643714,87643720,87643735,87643740,87643747,87643763,87643767,87643772,87643775,87643778,87643782,87643784,87643793,87643797,87643803,87643823,87643824,87643826,87643829,87643834,87643846,87643847,87643856,87643858,87643859,87643862,87643870,87643873,87643885,87643886,87643891,87643892,87643909,87643911,87643914,87643921,87643922,87643929,87643932,87643936,87643946,87643949,87643953,87643955,87643958,87643960,87643961,87643967,87643968,87643969,87643970,87643974,87643975,87643978,87643980,87643989,87643994,87644001,87644003,87644004,87644011,87644015,87644016,87644021,87644023,87644034,87644040,87644046,87644047,87644057,87644058,87644064,87644065,87644068,87644076,87644077,87644078,87644089,87644095,87644106,87644114,87644118,87644124,87644132,87644133,87644138,87644142,87644152,87644155,87644165,87644168,87644179,87644180,87644187,87644189,87644203,87644207,87644208,87644221,87644230,87644232,87644253,87644256,87644266,87644270,87644273,87644288,87644307,87644311,87644317,87644330,87644334,87644338,87644344,87644347,87644350,87644356,87644362,87644367,87644369,87644389,87644403,87644412,87644425,87644427,87644428,87644430,87644434,87644436,87644440,87644443,87644457,87644458,87644463,87644466,87644479,87644481,87644484,87644487,87644494,87644498,87644500,87644510,87644520,87644525,87644535,87644538,87644540,87644545,87644548,87644551,87644556,87644558,87644560,87644570,87644571,87644573,87644589,87644599,87644602,87644604,87644610,87644632,87644636,87644638,87644641,87644644,87644646,87644652,87644655,87644659,87644661,87644664,87644671,87644675,87644676,87644678,87644681,87644710,87644711,87644719,87644721,87644728,87644737,87644746,87644754,87644775,87644782,87644787,87644798,87644799,87644802,87644804,87644812,87644814,87644815,87644816,87644821,87644836,87644841,87644847,87644860,87644861,87644873,87644874,87644885,87644887,87644896,87644898,87644901,87644909,87644910,87644919,87644920,87644933,87644944,87644947,87644953,87644962,87644966,87644974,87644978,87644979,87644986,87644992,87644995,87644996,87644998,87645010,87645024,87645034,87645043,87645044,87645053,87645057,87645064,87645066,87645099,87645101,87645103,87645111,87645122,87645135,87645137,87645138,87645161,87645162,87645166,87645168,87645170,87645177,87645191,87645200,87645212,87645214,87645226,87645238,87645248,87645260,87645263,87645276,87645277,87645283,87645290,87645302,87645312,87645322,87645329,87645331,87645342,87645389,87645390,87645391,87645397,87645404,87645408,87645420,87645429,87645439,87645443,87645457,87645459,87645466,87645472,87645476,87645477,87645479,87645482,87645487,87645493,87645495,87645501,87645518,87645519,87645530,87645537,87645541,87645546,87645548,87645580,87645592,87645597,87645610,87645621,87645629,87645657,87645673,87645689,87645695,87645699,87645710,87645725,87645726,87645727,87645737,87645738,87645741,87645744,87645749,87645779,87645784,87645793,87645799,87645801,87645829,87645830,87645835,87645841,87645853,87645857,87645859,87645861,87645863,87645865,87645868,87645873,87645879,87645881,87645882,87645883,87645893,87645914,87645920,87645928,87645935,87645942,87645959,87645962,87645968,87645982,87645991,87645993,87646008,87646012,87646018,87646022,87646023,87646025,87646042,87646048,87646060,87646073,87646078,87646079,87646082,87646093,87646113,87646116,87646130,87646133,87646138,87646150,87646154,87646156,87646158,87646160,87646164,87646172,87646177,87646183,87646189,87646199,87646208,87646210,87646212,87646236,87646248,87646280,87646287,87646293,87646294,87646298,87646299,87646300,87646306,87646307,87646323,87646327,87646331,87646336,87646337,87646343,87646344,87646345,87646351,87646359,87646369,87646370,87646373,87646381,87646384,87646389,87646400,87646401,87646402,87646406,87646409,87646410,87646435,87646436,87646461,87646474,87646476,87646478,87646484,87646499,87646502,87646510,87646519,87646520,87646522,87646526,87646527,87646528,87646533,87646537,87646550,87646553,87646562,87646563,87646578,87646582,87646586,87646592,87646598,87646603,87646612,87646621,87646627,87646629,87646631,87646644,87646651,87646655,87646656,87646657,87646663,87646669,87646672,87646679,87646680,87646688,87646691,87646698,87646705,87646710,87646712,87646713,87646715,87646723,87646724,87646726,87646736,87646742,87646745,87646749,87646751,87646755,87646760,87646771,87646774,87646781,87646796,87646797,87646799,87646801,87646815,87646817,87646825,87646829,87646831,87646838,87646845,87646847,87646849,87646850,87646872,87646876,87646887,87646889,87646891,87646907,87646927,87646936,87646941,87646942,87646951,87646953,87646957,87646966,87646971,87646982,87646985,87646990,87647001,87647007,87647014,87647015,87647021,87647023,87647041,87647052,87647081,87647090,87647091,87660341,87844248,87866715,87871933,87927210,87983228,87994683,88173707,88173708,88173713,88173715,88173727,88173731,88173743,88173746,88173751,88173761,88173764,88173768,88173769,88173776,88173789,88173792,88173796,88173803,88173815,88173820,88173827,88173829,88173838,88173850,88173853,88173864,88173866,88173875,88173882,88173886,88173894,88173919,88173923,88173926,88173929,88173944,88173945,88173955,88173958,88173960,88173968,88173972,88173973,88173991,88173993,88173996,88174003,88174008,88174009,88174011,88174013,88174015,88174016,88174020,88174025,88174028,88174029,88174040,88174066,88174072,88174083,88174084,88174096,88174103,88174109,88174113,88174122,88174124,88174138,88174143,88174154,88174160,88174165,88174173,88174174,88174188,88174193,88174200,88174201,88174219,88174223,88174230,88174234,88174238,88174239,88174241,88174243,88174244,88174252,88174255,88174268,88174274,88174277,88174281,88174284,88174302,88174307,88174310,88174316,88174319,88174320,88174323,88174330,88174332,88174334,88174335,88174337,88174340,88174371,88174374,88174377,88174384,88174390,88174396,88174400,88174403,88174405,88174418,88174419,88174427,88174429,88174432,88174436,88174439,88174447,88174455,88174459,88174464,88174465,88174480,88174495,88174497,88174498,88174500,88174503,88174509,88174513,88174515,88174522,88174527,88174551,88174559,88174571,88174577,88174586,88174590,88174594,88174595,88174596,88174601,88174607,88174608,88174618,88174638,88174646,88174651,88174654,88174669,88174673,88174674,88174675,88174677,88174681,88174689,88174691,88174698,88174701,88174702,88174716,88174722,88174723,88174724,88174730,88174732,88174745,88174753,88174769,88174781,88174790,88174791,88174796,88174803,88174804,88174816,88174820,88174825,88174841,88174849,88174850,88174859,88174870,88174879,88174880,88174888,88174896,88174906,88174915,88174925,88174930,88174931,88174934,88174936,88174938,88175342,88175348,88175351,88175353,88175357,88175358,88175362,88175365,88175374,88175376,88175394,88175396,88175399,88175409,88175410,88175412,88175415,88175428,88175434,88175435,88175437,88175441,88175442,88175462,88175464,88175466,88175468,88175473,88175502,88175503,88175538,88175544,88175548,88175553,88175559,88175566,88175570,88175584,88175593,88175594,88175595,88175598,88175600,88175602,88175610,88175626,88175627,88175631,88175633,88175637,88175639,88175645,88175646,88175647,88175650,88175668,88175674,88175681,88175696,88175701,88175703,88175711,88175725,88175728,88175729,88175737,88175751,88175754,88175757,88175761,88175766,88175767,88175773,88175789,88175790,88175792,88175794,88175795,88175810,88175820,88175821,88175826,88175827,88175841,88175843,88175847,88175855,88175860,88175866,88175869,88175879,88175887,88175890,88175891,88175895,88175921,88175925,88175952,88175963,88175967,88175974,88175975,88175986,88175999,88176003,88176010,88176029,88176039,88176041,88176049,88176056,88176061,88176062,88176067,88176069,88176070,88176071,88176077,88176101,88176106,88176114,88176119,88176124,88176126,88176133,88176138,88176155,88176169,88176175,88176183,88176192,88176197,88176199,88176200,88176217,88176244,88176266,88176272,88176278,88176280,88176290,88176298,88176307,88176326,88176327,88176342,88176343,88176345,88176347,88176348,88176355,88176358,88176364,88176373,88176395,88176403,88176405,88176415,88176423,88176426,88176427,88176429,88176438,88176454,88176462,88176463,88176467,88176471,88176477,88176486,88176489,88176490,88176504,88176521,88176525,88176527,88176543,88176546,88176552,88176570,88176572,88176580,88176583,88176585,88177255,88177256,88177258,88177265,88177268,88177271,88177282,88177324,88177336,88177346,88177349,88177353,88177363,88177367,88177377,88177391,88177397,88177404,88177414,88177428,88177432,88177440,88177449,88177457,88177459,88177461,88177472,88177488,88177494,88177497,88177522,88177523,88177530,88177543,88177557,88177571,88177573,88177574,88177576,88177581,88177590,88177595,88177606,88177610,88177627,88177629,88177650,88177655,88177666,88177677,88177682,88177688,88177696,88177703,88177744,88177753,88177757,88177765,88177766,88177772,88177788,88177790,88177795,88177798,88177802,88177811,88177819,88177830,88177838,88177840,88177841,88177843,88177848,88177863,88177868,88177873,88177878,88177881,88177882,88177884,88177885,88177890,88177894,88177896,88177900,88177910,88177913,88177916,88177921,88177929,88177949,88177952,88177978,88177988,88177998,88178003,88178009,88178012,88178020,88178026,88178031,88178035,88178038,88178040,88178045,88178047,88178052,88178075,88178079,88178091,88178099,88178123,88178129,88178136,88178170,88178175,88178178,88178200,88178201,88178206,88178207,88178220,88178226,88178240,88178248,88178255,88178271,88178279,88178280,88178286,88178289,88178298,88178299,88178304,88178334,88178342,88178353,88178354,88178365,88178375,88178388,88178393,88178394,88178398,88178403,88178408,88178426,88178431,88178464,88178489,88178499,88178503,88178504,88178513,88178526,88178529,88178532,88178543,88178552,88178556,88178560,88178569,88178582,88178585,88178586,88178591,88178598,88178611,88178621,88178628,88178644,88178658,88178668,88178680,88178689,88178727,88178729,88178731,88178734,88178737,88178740,88178750,88178751,88178756,88178760,88178770,88178775,88178782,88178783,88178785,88178789,88178791,88178795,88178804,88178819,88178830,88178833,88178837,88178843,88178852,88178856,88178860,88178861,88178872,88178874,88178876,88178878,88178882,88178888,88178916,88178923,88178930,88178935,88178936,88178937,88178949,88178966,88178973,88178984,88178987,88178988,88178990,88178991,88178993,88179000,88179009,88179012,88179016,88179022,88179041,88179050,88179053,88179062,88179063,88179069,88179071,88179073,88179079,88179083,88179084,88179087,88179090,88179111,88179112,88179117,88179118,88179127,88179134,88179136,88179137,88179144,88179150,88179153,88179177,88179185,88179188,88179191,88179194,88179196,88179198,88179200,88179215,88179216,88179222,88179245,88179256,88179261,88179268,88179269,88179274,88179281,88179282,88179286,88179287,88179294,88179307,88179311,88179320,88179322,88179324,88179329,88179332,88179336,88179343,88179344,88179359,88179391,88179408,88179415,88179423,88179434,88179441,88179442,88179445,88179446,88179466,88179471,88179479,88179481,88179482,88179485,88179491,88179512,88179522,88179527,88179528,88179531,88179534,88179539,88179550,88179553,88179565,88179566)
--update T_Application set  Disposition = 0 , Modified = getdate() where CompanyId = 6402 and id in (88179582,88179586,88179590,88179592,88179606,88179614,88179633,88179642,88179657,88179686,88179687,88179692,88179699,88179716,88179719,88179723,88179734,88179748,88179751,88179752,88179755,88179757,88179759,88179778,88179783,88179795,88179803,88179807,88179822,88179826,88179829,88179830,88179837,88179839,88179860,88179862,88179863,88179875,88179883,88179886,88179888,88179893,88179905,88179910,88179919,88179931,88179941,88179945,88179947,88179948,88179961,88180577,88180582,88180587,88180623,88180630,88180634,88180637,88180638,88180655,88180659,88180662,88180670,88180671,88180674,88180675,88180683,88180685,88180686,88180692,88180696,88180699,88180700,88180716,88180719,88180723,88180725,88180726,88180731,88180734,88180737,88180755,88180762,88180776,88180777,88180779,88180793,88180811,88180817,88180832,88180833,88180854,88180855,88180868,88180870,88180875,88180879,88180880,88180893,88180894,88180906,88180911,88180916,88180926,88180935,88180944,88180945,88180946,88180953,88180959,88180961,88180962,88180977,88180979,88180982,88180995,88181000,88181001,88181010,88181022,88181027,88181036,88181052,88181053,88181076,88181079,88181082,88182326,88182352,88182358,88182364,88182365,88182369,88182372,88182381,88182383,88182424,88182428,88182441,88182446,88182451,88182464,88182500,88182509,88182514,88182531,88182533,88182545,88182566,88182578,88182590,88182591,88182598,88182601,88182607,88182616,88182639,88182640,88182656,88182661,88182667,88182668,88182669,88182671,88182673,88182679,88182682,88182690,88182722,88182728,88182736,88182742,88182749,88182757,88182762,88182763,88182764,88182767,88182783,88182803,88182818,88182821,88182835,88182844,88182849,88182853,88182859,88182862,88182863,88182864,88182913,88182919,88182925,88182930,88182936,88182943,88182945,88182972,88182977,88182986,88182997,88183011,88183051,88183059,88183067,88183071,88183075,88183077,88183094,88183110,88183111,88183112,88183116,88183121,88183123,88183125,88183128,88183137,88183138,88183160,88183191,88183199,88183200,88183206,88183222,88183240,88183262,88183269,88183275,88183307,88183317,88183357,88183382,88183384,88183394,88183395,88183401,88183409,88183414,88183419,88183426,88183433,88183434,88183436,88183452,88183453,88183460,88183464,88183465,88183468,88183478,88183494,88183496,88183497,88183525,88183542,88183552,88183558,88183567,88183572,88183573,88183574,88183580,88183582,88183585,88183590,88183887,88183902,88183916,88183943,88183953,88183958,88183959,88183973,88184000,88184028,88184039,88184042,88184051,88184066,88184082,88184085,88184095,88184100,88184102,88184105,88184108,88184115,88184120,88184124,88184125,88184129,88184130,88184134,88184143,88184144,88184161,88184167,88184183,88184188,88184193,88184204,88184206,88184207,88184218,88184222,88184230,88184238,88184243,88184248,88184257,88184262,88184263,88184267,88184275,88184278,88184291,88184292,88184296,88184298,88184318,88184323,88184333,88184351,88184354,88184373,88184378,88184386,88184397,88184407,88184408,88184412,88184414,88184423,88184436,88184438,88184455,88184460,88184463,88184505,88184507,88184509,88184517,88184528,88184530,88184531,88184535,88184538,88184540,88184552,88184558,88184562,88184583,88184594,88184598,88184605,88184614,88184636,88184647,88184649,88184654,88184655,88184665,88184679,88184681,88184689,88184717,88184722,88184726,88184735,88184742,88184744,88184764,88184769,88184772,88184774,88184777,88184779,88184791,88184800,88184805,88184809,88184813,88184820,88184826,88184827,88184843,88184854,88184863,88184872,88184875,88184883,88184886,88184889,88184890,88184892,88184900,88184909,88184932,88184938,88184939,88184942,88184944,88184970,88184983,88184984,88184987,88184995,88185009,88185012,88185018,88185023,88185032,88185035,88185069,88185082,88185091,88185098,88185104,88185107,88185124,88185129,88185136,88185138,88185145,88185154,88185158,88185172,88185185,88185198,88185216,88185220,88185223,88185235,88185244,88185253,88185256,88185268,88185274,88185277,88185278,88185317,88185339,88185343,88185348,88185353,88185354,88185367,88185381,88185386,88185387,88185391,88185394,88185412,88185447,88185453,88185454,88185461,88185474,88185482,88185483,88185485,88185492,88185496,88185498,88185502,88185513,88185521,88185538,88185541,88185548,88185552,88185553,88185564,88185576,88185580,88185603,88185614,88185649,88185663,88185667,88185670,88185673,88185693,88185694,88185696,88185714,88185726,88185731,88185768,88185769,88185793,88185819,88185829,88185834,88185837,88185846,88185849,88185861,88185868,88185889,88185907,88185910,88185913,88185927,88185934,88185948,88185950,88185961,88185974,88185979,88185980,88185981,88185986,88185996,88186008,88186012,88186023,88186030,88186033,88186034,88186038,88186046,88186059,88186063,88186090,88186099,88186124,88186130,88186134,88186143,88186153,88186195,88186200,88186202,88186224,88186231,88186255,88186257,88186266,88186275,88186287,88186292,88186311,88186340,88186342,88186344,88186751,88186764,88186774,88186776,88186779,88186781,88186784,88186806,88186814,88186818,88186828,88186833,88186844,88186862,88186867,88186879,88186883,88186886,88186888,88186896,88186901,88186911,88186926,88186934,88186945,88186957,88186961,88186964,88186967,88186972,88186980,88186990,88186994,88187000,88187006,88187016,88187026,88187029,88187034,88187035,88187036,88187038,88187044,88187052,88187080,88187086,88187099,88187103,88187108,88187119,88187120,88187124,88187138,88187139,88187141,88187148,88187151,88187168,88187169,88187171,88187198,88187199,88187223,88187234,88187238,88187255,88187256,88187258,88187265,88187266,88187270,88187278,88187279,88187288,88187298,88187299,88187307,88187315,88187318,88187341,88187346,88187349,88187363,88187365,88187372,88187374,88187376,88187378,88187379,88187389,88187392,88187399,88187409,88187426,88187429,88187431,88187441,88187444,88187445,88187456,88187463,88187470,88187484,88187485,88187496,88187499,88187505,88187515,88187521,88187531,88187556,88187566,88187567,88187571,88187580,88187586,88187589,88187603,88187606,88187609,88187613,88187636,88187638,88187649,88187652,88187661,88187663,88187672,88187673,88187690,88187691,88187692,88187700,88187720,88187722,88187727,88187739,88187741,88187745,88187752,88187753,88187759,88187775,88187779,88187788,88187792,88187797,88187807,88187808,88187816,88187838,88187849,88187864,88187867,88187885,88187894,88187895,88187898,88187900,88187901,88187906,88187916,88187923,88187928,88187942,88187962,88187966,88187969,88187982,88187988,88187992,88188002,88188011,88188021,88188033,88188037,88188041,88188047,88188060,88188070,88188085,88188092,88188123,88188124,88188125,88188129,88188130,88188135,88188148,88188151,88188164,88188167,88188174,88188179,88188181,88188185,88188192,88188221,88188238,88188255,88188273,88188283,88188286,88188304,88188308,88188321,88188325,88188331,88188344,88188356,88188375,88188381,88188383,88188384,88188400,88188408,88188409,88188410,88188412,88188427,88188445,88188451,88188454,88188462,88188465,88188470,88188483,88188488,88188496,88188497,88188498,88188499,88188520,88188522,88188531,88188534,88188535,88188548,88188558,88188563,88188567,88188581,88188588,88188589,88188592,88188612,88188614,88188638,88188647,88188661,88188669,88188672,88188694,88188697,88188706,88243453,88243462,88243471,88243479,88243487,88243492,88243505,88243510,88243511,88243516,88243517,88243521,88243527,88243536,88243537,88243538,88243547,88243556,88243559,88243562,88243567,88243577,88243620,88243649,88243654,88243659,88243660,88243671,88243673,88243680,88243684,88243687,88243693,88243702,88243711,88243719,88243720,88243723,88243729,88243733,88243746,88243753,88243757,88243775,88243791,88243794,88243796,88243801,88243805,88243818,88243826,88243844,88243861,88243878,88243883,88243898,88243901,88243909,88243910,88243923,88243928,88243933,88243938,88243950,88243967,88244014,88244017,88244031,88244033,88244040,88244042,88244043,88244058,88244066,88244069,88244071,88244075,88244082,88244083,88244108,88244114,88244120,88244128,88244142,88244152,88244170,88244186,88244187,88244204,88244206,88244219,88244258,88244265,88244266,88244287,88244288,88244290,88244311,88244319,88244356,88244359,88244368,88244381,88244387,88244388,88244390,88244402,88244409,88244427,88244435,88244442,88244447,88244472,88244477,88244485,88244508,88244509,88244516,88244524,88244541,88244543,88244555,88244564,88244578,88244583,88244593,88244594,88244609,88244614,88244618,88244623,88244660,88244672,88244678,88244691,88244704,88244705,88244706,88244743,88244744,88244747,88244752,88244757,88244775,88244781,88244785,88244799,88244802,88244809,88244811,88244839,88244843,88244849,88244852,88244853,88244854,88244863,88244867,88244870,88244877,88244883,88244889,88244906,88244926,88244938,88244940,88244941,88244944,88244947,88244948,88244962,88244969,88244983,88244991,88244995,88244996,88245000,88245013,88245045,88245084,88245085,88245089,88245094,88245116,88245117,88245118,88245126,88245130,88245132,88245134,88245135,88245144,88245145,88245146,88245154,88245164,88245169,88245178,88245180,88245188,88245201,88245207,88245226,88245238,88245242,88245257,88245258,88245285,88245288,88245296,88245304,88245309,88245332,88245370,88245376,88245383,88245385,88245390,88245395,88245414,88245418,88245423,88245424,88245429,88245430,88245439,88245449,88245473,88245482,88245485,88245489,88245498,88245511,88245515,88245525,88245529,88245530,88245546,88245551,88245563,88245566,88245586,88245593,88245612,88245615,88245629,88245630,88245637,88245638,88245646,88245682,88245691,88245692,88245700,88245723,88246897,88246899,88246908,88246917,88246925,88246929,88246950,88246955,88246962,88246964,88246972,88246973,88246993,88246994,88247005,88247009,88247016,88247017,88247028,88247031,88247032,88247033,88247035,88247047,88247059,88247071,88247081,88247644,88247653,88247659,88247665,88247685,88247686,88247707,88247715,88247717,88247721,88247722,88247723,88247725,88247741,88247758,88247773,88247784,88247785,88247817,88247819,88247825,88247827,88247844,88247855,88247862,88247875,88247895,88247899,88247906,88247920,88247943,88247947,88247949,88247951,88247955,88247956,88247963,88247968,88247971,88247979,88247999,88248004,88248008,88248009,88248022,88248036,88248044,88248064,88248076,88248077,88248090,88248103,88248110,88248112,88248117,88248118,88248124,88248131,88248134,88248141,88248158,88315176,88315186,88315188,88315191,88315195,88315202,88315215,88315224,88315247,88315249,88315257,88315258,88315271,88315272,88315274,88315282,88315285,88315286,88315287,88315291,88315295,88315296,88315298,88315304,88315311,88315319,88315329,88315330,88315347,88315350,88315364,88315368,88315369,88315388,88315393,88315394,88315396,88315408,88315411,88315418,88315422,88315425,88315426,88315428,88315436,88315437,88315447,88315459,88315466,88315472,88315500,88315501,88315510,88315513,88315519,88315524,88315531,88315533,88315536,88315540,88315542,88315544,88315561,88315564,88315574,88315575,88315584,88315607,88315612,88315617,88315621,88315639,88315646,88315657,88315663,88315668,88315695,88315698,88315700,88315701,88315703,88315706,88315711,88315713,88315715,88315738,88315742,88315744,88315746,88315759,88315762,88315768,88315771,88315773,88315780,88315785,88315811,88315826,88315833,88315841,88315865,88315883,88315885,88315888,88315891,88315902,88315910,88315914,88315925,88315926,88315927,88315929,88315934,88315936,88315941,88315947,88315950,88315951,88315953,88315957,88315967,88315968,88315970,88315972,88315986,88315989,88315992,88315999,88316013,88316018,88316019,88316026,88316029,88316032,88316035,88316057,88316058,88316059,88316062,88316063,88316064,88316066,88316069,88316070,88316073,88316089,88316091,88316103,88316119,88316152,88316157,88316158,88316159,88317716,88317726,88317728,88317732,88317735,88317742,88317755,88317763,88317783,88317785,88317793,88317794,88317810,88317811,88317813,88317820,88317823,88317825,88317826,88317830,88317835,88317836,88317838,88317844,88317851,88317859,88317870,88317871,88317888,88317893,88317903,88317907,88317908,88317926,88317932,88317933,88317935,88317949,88317951,88317958,88317961,88317964,88317965,88317968,88317976,88317978,88317986,88318001,88318008,88318014,88318042,88318043,88318050,88318053,88318059,88318063,88318070,88318072,88318075,88318078,88318080,88318083,88318099,88318102,88318113,88318115,88318124,88318144,88318149,88318153,88318157,88318165,88318171,88318175,88318179,88318181,88318188,88318217,88318218,88318221,88318225,88318230,88318235,88318244,88318253,88318255,88318265,88318273,88318279,88318282,88318305,88318312,88318320,88318321,88318330,88318339,88318351,88318368,88318376,88318385,88318388,88318393,88318403,88318404,88318406,88318407,88318413,88318422,88318432,88318441,88318457,88318460,88318463,88318466,88318468,88318473,88318501,88318503,88318508,88318516,88318518,88318527,88318543,88318579,88318580,88318582,88318591,88318599,88318600,88318615,88318619,88318621,88318627,88318628,88318630,88318631,88318644,88318649,88318659,88318662,88318669,88318678,88318683,88318700,88318711,88318723,88318736,88318743,88318745,88318764,88318771,88318792,88318803,88318804,88318809,88318810,88326809,88326819,88326821,88326826,88326829,88326835,88326850,88326857,88326876,88326878,88326884,88326885,88326897,88326898,88326900,88326911,88326914,88326915,88326916,88326920,88326923,88326924,88326925,88326929,88326935,88326942,88326951,88326952,88326968,88326971,88326981,88326985,88326986,88327005,88327009,88327010,88327012,88327025,88327029,88327037,88327041,88327045,88327046,88327048,88327056,88327058,88327067,88327078,88327085,88327090,88327123,88327124,88327131,88327135,88327142,88327146,88327152,88327154,88327157,88327160,88327163,88327165,88327181,88327184,88327193,88327194,88327202,88327223,88327229,88327232,88327236,88327245,88327252,88327255,88327256,88327258,88327265,88327295,88327296,88327299,88327302,88327305,88327311,88327318,88327328,88327331,88327343,88327353,88327357,88327362,88327368,88327376,88327382,88327384,88327392,88327396,88327398,88327402,88327406,88327421,88327422,88327424,88327430,88327432,88327441,88327456,88327466,88327470,88327472,88327476,88327477,88327486,88327491,88327508,88327513,88327518,88327522,88327545,88327559,88327566,88327579,88327594,88327599,88327602,88327603,88327608,88327616,88327622,88327632,88327643,88327649,88327659,88327666,88327679,88327688,88327691,88327705,88327724,88327725,88327731,88327736,88327742,88327743,88327752,88327755,88327756,88327761,88327766,88327775,88327788,88327792,88327794,88327810,88327812,88327815,88327822,88327840,88327853,88327859,88327861,88327863,88327864,88327865,88327870,88327874,88327904,88327912,88327917,88327920,88327948,88327952,88327957,88327958,88327959,88327968,88328008,88328014,88328026,88328030,88328035,88328053,88328064,88328075,88328085,88328087,88328088,88328095,88328587,88328591,88328593,88328595,88328601,88328604,88328606,88328612,88328613,88328617,88328620,88328623,88328644,88328646,88328658,88328660,88328661,88328666,88328674,88328677,88328678,88328680,88328687,88328691,88328704,88328715,88328720,88328740,88328741,88328755,88328758,88328764,88328769,88328809,88328816,88328821,88328824,88328826,88328831,88328832,88328836,88328844,88328845,88328850,88328855,88328860,88328870,88328871,88328873,88328883,88328889,88328906,88328907,88328928,88328929,88328937,88328939,88328945,88328948,88328958,88328961,88328965,88328967,88328975,88328980,88328984,88328986,88328990,88329031,88329040,88329042,88329047,88329065,88329073,88329081,88329087,88329097,88329102,88329107,88329113,88329120,88329121,88329130,88329150,88329153,88329154,88329158,88329159,88329161,88329169,88329170,88329173,88329195,88329201,88329204,88329208,88329211,88329224,88329231,88329234,88329235,88329240,88329241,88329247,88329254,88329256,88329260,88329272,88329278,88329282,88329288,88329297,88329300,88329313,88329322,88329326,88329329,88329342,88329346,88329350,88329354,88329355,88329362,88329371,88329372,88329378,88329382,88329402,88329405,88329418,88329431,88329435,88329451,88329458,88329472,88329496,88329499,88329505,88329506,88329517,88329524,88329530,88329533,88329535,88329537,88329543,88329545,88329546,88329551,88329557,88329563,88329565,88329569,88329570,88329573,88329588,88329596,88329607,88329617,88329632,88329640,88329659,88329671,88329674,88329678,88329680,88329696,88329698,88329709,88329712,88329722,88329725,88329727,88329737,88329745,88329755,88329760,88329762,88329767,88329770,88329773,88329777,88329782,88329786,88329789,88329790,88329796,88329799,88329802,88329811,88329815,88329820,88329831,88329835,88329843,88329860,88329865,88329876,88329878,88329879,88329890,88329892,88329894,88329895,88329903,88329908,88329916,88329921,88329923,88329924,88329927,88329932,88329937,88329938,88329941,88329951,88329953,88329958,88329961,88329966,88329967,88329971,88329974,88329976,88329978,88329981,88329983,88329986,88330003,88330004,88330025,88330029,88330036,88330048,88330056,88330071,88330072,88330073,88330083,88330091,88330108,88330116,88330120,88330124,88330146,88330151,88330153,88330162,88330165,88330171,88330177,88330201,88330202,88330207,88330212,88330213,88330214,88330216,88330220,88330222,88330230,88330237,88330239,88330242,88330246,88330254,88330257,88330265,88330275,88330296,88330301,88330307,88330310,88330315,88330317,88330323,88330330,88330353,88330354,88330359,88330363,88330370,88330371,88330383,88330397,88330404,88330413,88330415,88330419,88330424,88330426,88330430,88330437,88330443,88330456,88330463,88330468,88330475,88330482,88330484,88330511,88330520,88330527,88330529,88330533,88330549,88330565,88330569,88330589,88330595,88330604,88330650,88330660,88330661,88330670,88330687,88330688,88330689,88330691,88330695,88330701,88330702,88330703,88330711,88330720,88330726,88330728,88330746,88330754,88330757,88330760,88330763,88330769,88330773,88330785,88330788,88330791,88330798,88330802,88330813,88330815,88330823,88330829,88330831,88330858,88330876,88330877,88330878,88330879,88330882,88330887,88330888,88330889,88330897,88330906,88330911,88330914,88330933,88330939,88330942,88330946,88330950,88330957,88330960,88330971,88330975,88330979,88330988,88330992,88331004,88331007,88331013,88331018,88331020,88331034,88331036,88331045,88331051,88331060,88331063,88331072,88331074,88331078,88331086,88331094,88331098,88331115,88331123,88331137,88331143,88331144,88331148,88331152,88331157,88331161,88331162,88331200,88331209,88331214,88331215,88331223,88331230,88331246,88331259,88331264,88331265,88331271,88331272,88331279,88331286,88331287,88331288,88331291,88331301,88331306,88331307,88331311,88331317,88331318,88331321,88331343,88331361,88331373,88331393,88331396,88331407,88331410,88331412,88331421,88331424,88331430,88331432,88331433,88331434,88331436,88331437,88331449,88331450,88331454,88331470,88331475,88331483,88331490,88331496,88331498,88331508,88331517,88331540,88331545,88331547,88331553,88331554,88331555,88331556,88331567,88331571,88331574,88331577,88331586,88331609,88331622,88331636,88331672,88331677,88331681,88331682,88331688,88331723,88331724,88331728,88331730,88331742,88331743,88331745,88331749,88331751,88331758,88331766,88331769,88331773,88331801,88331807,88331813,88331820,88331823,88331831,88331833,88331843,88331844,88331857,88331864,88331872,88331882,88331891,88331893,88331915,88331916,88331938,88331941,88331945,88331954,88331965,88331968,88331976,88331984,88331985,88331993,88331995,88332003,88332006,88332008,88332013,88332014,88332017,88332019,88332035,88332046,88332057,88332058,88332061,88332076,88332080,88332092,88332096,88332106,88332108,88332113,88332120,88332128,88332135,88332145,88332149,88332150,88332161,88332225,88332230,88332232,88332235,88332238,88332239,88332253,88332259,88332268,88332278,88332280,88332286,88332298,88332311,88332321,88332325,88332327,88332329,88332348,88332349,88332382,88332390,88332391,88332400,88332407,88332419,88332433,88332434,88332440,88332447,88332453,88332461,88332465,88332471,88332476,88332481,88332482,88332490,88332510,88332518,88332547,88332550,88332558,88332565,88332567,88332571,88332577,88332584,88332587,88332596,88332602,88332610,88332613,88332629,88332633,88332635,88332638,88332648,88332649,88332659,88332663,88332665,88332683,88332684,88332688,88332694,88332695,88332728,88332739,88332746,88332749,88332754,88332759,88332764,88332765,88332776,88332777,88332804,88332807,88332814,88332820,88332835,88332839,88332851,88332856,88332859,88332868,88332873,88332877,88332879,88332880,88332898,88332920,88332923,88332925,88332931,88332936,88332940,88332952,88332962,88332989,88332993,88332995,88333001,88333010,88333018,88333021,88333028,88333033,88333035,88333038,88333043,88333062,88333063,88333072,88333073,88333077,88333081,88333082,88333083,88333090,88333095,88333097,88333106,88333108,88333118,88333139,88333148,88333151,88333156,88333165,88333168,88333179,88333188,88333229,88333243,88333270,88333279,88333284,88333289,88333298,88333308,88333314,88333330,88333331,88333333,88333334,88333342,88333363,88333367,88333381,88333384,88333411,88333436,88333437,88333443,88333447,88333449,88333451,88333455,88333458,88333463,88333480,88333484,88333493,88333495,88333501,88333502,88333504,88333507,88333508,88333517,88333532,88333534,88333536,88333539,88333549,88333552,88333556,88333565,88333566,88333572,88333629,88333647,88333649,88333652,88333655,88334116,88334134,88334137,88334138,88334139,88334142,88334147,88334148,88334150,88334158,88334167,88334173,88334176,88334196,88334203,88334206,88334211,88334215,88334222,88334225,88334237,88334241,88334244,88334251,88334255,88334265,88334268,88334273,88334279,88334281,88334294,88334295,88334304,88334309,88334318,88334321,88334329,88334332,88334335,88334343,88334350,88334354,88334373,88334380,88334397,88334404,88334405,88334410,88334413,88334418,88334423,88334424,88334472,88334481,88334485,88334486,88334496,88334503,88334516,88334530,88334537,88334538,88334544,88334545,88334550,88334557,88334558,88334559,88334563,88334571,88334576,88334577,88334581,88334589,88334590,88334593,88334614,88334635,88334647,88334664,88334667,88334676,88334679,88334682,88334689,88334695,88334701,88334703,88334704,88334705,88334707,88334708,88334720,88334721,88334725,88334742,88334745,88334780,88334786,88334792,88334831,88334835,88334836,88334844,88334845,88334853,88334869,88334876,88334881,88334889,88334891,88334900,88334904,88334916,88334926,88334927,88334929,88334932,88334934,88334940,88334945,88334947,88334948,88334953,88334995,88335002,88335011,88335019,88335033,88335042,88335054,88335061,88335071,88335072,88335089,88335105,88335108,88335117,88335118,88335127,88335135,88335151,88335152,88335164,88335165,88335171,88335183,88335186,88335193,88335198,88335200,88335202,88335207,88335209,88335220,88335229,88335232,88335240,88335242,88335247,88335248,88335251,88335252,88335266,88335295,88335307,88335309,88335317,88335318,88335321,88335322,88335324,88335327,88335328,88335331,88335340,88335344,88335354,88335357,88335364,88335366,88335369,88335372,88335377,88335378,88335379,88335385,88335399,88335413,88335417,88335423,88335435,88335447,88335472,88335482,88387452,88387464,88387483,88387486,88387491,88387502,88387506,88387509,88387512,88387524,88387528,88387560,88387575,88387577,88387594,88387599,88387602,88387607,88387615,88387626,88387641,88387652,88387656,88387663,88387674,88387708,88387724,88387780,88387784,88387795,88387802,88387812,88387821,88387826,88387841,88387853,88387855,88387867,88387868,88387876,88387886,88387896,88387903,88387918,88387923,88387932,88387934,88387947,88387959,88387964,88387973,88387982,88387986,88387997,88387998,88388006,88388027,88388038,88388076,88388083,88388084,88388091,88388095,88388119,88388122,88388123,88388125,88388135,88388138,88388140,88388150,88388156,88388168,88388186,88388195,88388202,88388204,88388210,88388220,88388225,88388239,88388256,88388266,88388275,88388285,88388297,88388309,88388310,88388321,88388324,88388358,88388364,88388365,88388381,88388388,88388397,88388405,88388406,88388414,88388429,88388433,88388441,88388450,88388452,88388466,88388467,88388471,88388481,88388492,88388503,88388507,88388508,88388513,88388516,88388521,88388531,88388547,88388564,88388588,88388591,88388602,88388618,88388628,88388635,88388649,88388665,88388668,88388671,88388674,88388684,88388686,88388692,88388694,88388695,88388727,88388728,88388764,88388772,88388774,88388776,88388777,88388783,88388792,88388807,88388810,88388814,88388820,88388829,88388835,88388842,88388846,88388850,88388862,88388878,88388891,88388897,88388901,88388903,88389046,88389069,88389071,88389095,88389098,88389108,88389112,88389118,88389126,88389131,88389143,88389144,88389148,88389149,88389153,88389156,88389158,88389165,88389167,88389174,88389181,88389182,88389186,88389187,88389198,88389205,88389208,88389237,88389242,88389245,88389257,88389258,88389261,88389281,88389289,88389300,88389302,88389310,88389315,88389324,88389328,88389338,88389344,88389350,88389351,88389363,88389366,88389367,88389378,88389392,88389396,88389402,88389413,88389430,88389438,88389443,88389456,88389468,88389472,88389478,88389480,88389486,88389488,88389499,88389507,88389512,88389518,88389534,88389539,88389546,88389564,88389566,88389569,88389573,88389580,88389596,88389599,88389602,88389606,88389626,88389643,88389647,88389651,88389656,88389679,88389691,88389698,88389708,88389709,88389712,88389724,88389725,88389726,88389745,88389746,88389752,88389790,88389804,88389809,88389821,88389826,88389836,88389844,88389845,88389855,88389859,88389865,88389887,88389889,88389895,88389897,88389922,88389935,88389943,88389945,88389947,88389949,88389950,88389959,88389971,88389998,88390016,88390017,88390019,88390033,88390035,88390038,88390040,88390075,88390088,88390102,88390108,88390114,88390116,88390118,88390122,88390130,88390136,88390140,88390142,88390145,88390167,88390170,88390172,88390179,88390180,88390185,88390193,88390196,88390205,88390211,88390213,88390217,88390220,88390242,88390254,88390266,88390268,88390269,88390278,88390290,88390295,88390297,88390303,88390314,88390336,88390354,88390358,88390370,88390381,88390387,88390404,88390408,88390409,88390412,88390417,88390420,88390422,88390429,88390432,88390445,88390447,88390452,88390470,88390473,88390497,88390509,88390514,88390533,88390539,88390557,88390570,88390584,88390587,88390590,88390593,88390599,88390621,88390628,88390629,88390631,88390636,88390646,88390649,88390657,88390665,88390666,88390686,88390693,88390701,88390703,88390709,88390728,88390731,88390732,88390765,88390766,88390769,88390779,88390783,88390785,88390791,88390799,88390815,88390816,88390819,88390820,88390821,88390823,88390837,88390842,88390853,88390861,88390874,88390877,88390879,88390896,88390900,88390918,88390920,88390925,88390932,88390933,88390937,88390938,88390942,88390964,88390966,88390985,88390993,88391001,88391006,88391011,88391019,88391028,88391034,88391082,88391089,88391094,88391098,88391099,88391108,88391112,88391135,88391144,88391145,88391157,88391177,88391180,88391193,88391194,88391196,88391200,88391203,88391208,88391209,88391214,88391217,88391225,88391226,88391230,88391233,88391234,88391241,88391244)