select * from t_user where Email ='jennifer.whicker@openworksweb.com';/*5574*/


select * from t_sourcetype  where CompanyId=5574 and ParentId=599736 and deleted=0 and id in (647129,644259,648941,646180,650724,647357,659176,639114,641117,647737,625529,650317,625241,650712,650148,642393,658850,658851,636118,659585,659217,649087,648216,650254,647429,636441,632356,601213,626316,638726,650231,628501,601214,626647,633672,656973,647437,625531,600949,635215,633346,651680,651463,651394,651392,647435,658496,660652,646178,661433,641121,650710,647347);

Update script:-

update t_sourcetype set Deleted=1, modifieddate=now() Where CompanyId=5574 and Deleted=0 and Id in (647129,644259,648941,646180,650724,647357,659176,639114,641117,647737,625529,650317,625241,650712,650148,642393,658850,658851,636118,659585,659217,649087,648216,650254,647429,636441,632356,601213,626316,638726,650231,628501,601214,626647,633672,656973,647437,625531,600949,635215,633346,651680,651463,651394,651392,647435,658496,660652,646178,661433,641121,650710,647347);

Rollback script:-

update t_sourcetype set Deleted=0, modifieddate=now() Where CompanyId=5574 and Deleted=1 and Id in (647129,644259,648941,646180,650724,647357,659176,639114,641117,647737,625529,650317,625241,650712,650148,642393,658850,658851,636118,659585,659217,649087,648216,650254,647429,636441,632356,601213,626316,638726,650231,628501,601214,626647,633672,656973,647437,625531,600949,635215,633346,651680,651463,651394,651392,647435,658496,660652,646178,661433,641121,650710,647347);



