select * from T_User (nolock) where Email = 'Jessica.Maley@groupm.com'--1944


select * from T_CandidateState (nolock) where CompanyId = 1944 and Deleted = 0 and Name in ('DO NOT USE_Submitted to hiring manager','DO NOT USE_Approved by hiring manager',
'DO NOT USE_Rejected by hiring manager','DO NOT USE_Offer Sent','CV Sent','Offer Generation')--68193,68194,68195,68202,85113,224114

select * from T_Application (nolock) where CompanyId = 1944 and DeletedHM = 0 and WorkflowState in (68193,68194,68195)

select * from T_Application (nolock) where CompanyId = 1944 and DeletedHM = 0 and WorkflowState = 68202

--Main Queries
--Update T_Application SET WorkflowState=224114, Modified=GETDATE() where CompanyId = 1944 and DeletedHM = 0 and WorkflowState in (68193,68194,68195)

--Update T_Application SET WorkflowState=85113, Modified=GETDATE() where CompanyId = 1944 and DeletedHM = 0 and WorkflowState = 68202

--Inserting 3000 records into T_CandidateStateUpdate
--insert into T_CandidateStateUpdate (CompanyId,ApplicationId,UserId,StateId,Date) (select CompanyId,id,UserId,WorkflowState,Modified from T_application where id in (29623400,
35041463,
35315393,
37012752,
38264123,
38772128,
40660901,
41492662,
42170773,
44721696,
45892355,
46943448,
47917583,
48239536,
49823471,
49895915,
50256353,
51732119,
52065952,
52345123,
52465458,
52525795,
53182728,
53951259,
54281931,
54473868,
54480416,
55491043,
55491271,
55548090,
56853292,
60011024,
92456204,
93231925,
94424015,
30636727,
41633461,
42851813,
51867043,
51867308,
51867342,
51867433,
51867464,
51868570,
51870202,
51870711,
51870863,
51870889,
51870916,
51871035,
51872250,
51872292,
54298335,
54299527,
54300461,
54343817,
54344047,
54344216,
54344513,
54351683,
54351933,
54397130,
54846377,
54846432,
54847801,
54848341,
54850327,
54850752,
54850878,
54853008,
19872932,
25561890,
30269077,
33323000,
23921789,
26135838,
31838905,
31875119,
32188238,
32221983,
32245910,
35042300,
36553629,
19666825,
19808963,
19862678,
19909589,
19966285,
20135274,
20194039,
20194040,
20231784,
20711736,
21257493,
21359886,
21369536,
21801287,
22360146,
22393173,
22592068,
22907753,
23683346,
23740660,
23862089,
23977592,
24098077,
24299960,
24431953,
24843559,
25030531,
25623728,
26785240,
26960482,
27602671,
27612851,
28361573,
28813834,
28897337,
28985972,
28988028,
30049037,
30071363,
30100244,
30126644,
30126721,
30154834,
30181467,
30184263,
30590833,
30634409,
31133138,
31226344,
31343727,
31721372,
32053487,
32169714,
32557998,
32752910,
32835862,
32893806,
32939440,
33108264,
33165720,
33168678,
33311127,
33450335,
33497551,
33566321,
33642702,
33686665,
33735733,
33817586,
33904064,
33917196,
34035129,
34045531,
34045942,
34092594,
34134097,
34139626,
34161831,
34171130,
34247125,
34278547,
34416173,
34496850,
34500501,
34521713,
34642923,
34740895,
34793422,
34899903,
34900133,
34940549,
34952432,
35008940,
35197115,
35230543,
35352100,
35507299,
35554119,
35617958,
35656957,
35808763,
35809277,
36269886,
36372762,
36393887,
36580913,
36678868,
36682531,
36768272,
37303343,
37358495,
37491681,
37502261,
37503724,
37568814,
37576661,
37577420,
37581276,
37584594,
37586603,
37612989,
37654363,
37703305,
37719352,
37769786,
37825438,
37959250,
38133138,
38137459,
38197985,
38268921,
38281949,
38322361,
38410186,
38464310,
38500457,
38529620,
38646937,
38779115,
39523060,
39722553,
39723138,
39725314,
39725598,
39825405,
39825881,
39825919,
39826271,
39831561,
39870756,
39875051,
39946631,
40173692,
40441280,
40451029,
40473130,
40496766,
40512296,
40516350,
40573692,
40774704,
41638984,
42338356,
42813546,
43700698,
43906966,
44630590,
47229822,
26044857,
26067326,
26073955,
26328119,
26435497,
26478731,
26681146,
26816493,
26899196,
26984287,
27003626,
27225856,
27263134,
27369812,
27463296,
27498807,
27646783,
27660256,
27982362,
28027878,
28348842,
28390284,
28741828,
28742484,
28869288,
28897732,
28934385,
28934596,
28987578,
28988296,
28989935,
28990387,
29157948,
29215408,
29262819,
29269990,
29295865,
29303933,
29303970,
29334716,
29337087,
29367806,
29368976,
29369517,
29443588,
29521017,
29529035,
29565697,
29590495,
29615405,
29618539,
29618762,
29623098,
29721956,
29744479,
29901530,
29921973,
29933258,
29934405,
29940403,
29986428,
29986479,
29993407,
30001530,
30021606,
30040952,
30073364,
30073438,
30179823,
30186329,
30235173,
30275877,
30308092,
30367079,
30383419,
30387100,
30391384,
30392329,
30396606,
30396795,
30429292,
30429969,
30450773,
30450972,
30567454,
30639078,
30670499,
30728987,
30757816,
30758650,
31001749,
31015959,
31020435,
31022341,
31058485,
31179202,
31196732,
31208436,
31208555,
31267386,
31268668,
31269306,
31269576,
31300688,
31342544,
31369482,
31376380,
31408050,
31421865,
31428171,
31456347,
31456797,
31489650,
31497074,
31513329,
31582964,
31584058,
31637106,
31637125,
31637189,
31640055,
31650196,
31678540,
31719302,
31726150,
31822998,
31825363,
31841877,
31850322,
31861923,
31918245,
31964221,
31964558,
32024161,
32053242,
32117193,
32130825,
32133194,
32170616,
32235814,
32245023,
32270109,
32270941,
32273435,
32304788,
32309470,
32335219,
32347664,
32376979,
32377834,
32378561,
32478666,
32481792,
32515985,
32562856,
32572398,
32591444,
32591607,
32625396,
32638937,
32656717,
32661459,
32666928,
32676603,
32697842,
32717657,
32743242,
32747250,
32754630,
32786402,
32786769,
32787476,
32790530,
32793124,
32793231,
32820347,
32820440,
32821787,
32826839,
32843448,
32862235,
32903740,
32946939,
32992412,
32994508,
33022642,
33029685,
33032339,
33032417,
33034140,
33044636,
33064235,
33091974,
33120666,
33129557,
33159351,
33171085,
33180092,
33205696,
33205731,
33205782,
33209675,
33223115,
33252441,
33255660,
33263264,
33286192,
33289358,
33311957,
33313361,
33314631,
33326000,
33326647,
33340723,
33354329,
33395700,
33396162,
33402564,
33444832,
33446312,
33501638,
33503225,
33540147,
33542706,
33543894,
33581785,
33600675,
33602419,
33700533,
33720898,
33721764,
33722088,
33722234,
33722362,
33723128,
33725709,
33725987,
33726364,
33735017,
33755855,
33758625,
33759620,
33805194,
33820249,
33823103,
33861557,
33862652,
33864560,
33874258,
33936078,
33940635,
33942426,
33944414,
34022172,
34046582,
34076480,
34085633,
34138640,
34166960,
34168199,
34170890,
34172426,
34215609,
34221021,
34279937,
34284541,
34287175,
34413699,
34500530,
34561161,
34571160,
34606256,
34677204,
34751247,
34864693,
34931100,
34982350,
35015780,
35037981,
35040937,
35041140,
35069008,
35116408,
35118352,
35197888,
35228630,
35229481,
35258132,
35343705,
35345263,
35389641,
35461955,
35487674,
35518064,
35553926,
35615415,
35668962,
35692818,
35722585,
35781628,
35808679,
35812237,
35814570,
35872753,
35901232,
35940352,
35943359,
35959045,
36025597,
36621107,
36767291,
36951540,
36958120,
37028553,
37087166,
37454996,
37615427,
37759182,
37762854,
37964297,
38312185,
38721652,
38739734,
38764569,
38766323,
38803062,
38862131,
39061191,
39197270,
39287770,
39447301,
39519580,
41064196,
42000735,
42194728,
43007374,
31579493,
31607369,
31607530,
31713767,
31754039,
31825341,
31879676,
32022789,
32197869,
32269461,
32423716,
32557532,
32561932,
32570667,
32571238,
32571693,
32571751,
32591812,
32592213,
32599497,
32604773,
32625373,
32636105,
32641130,
32650673,
32652009,
32654521,
32665483,
32665902,
32669914,
32694546,
32696149,
32700158,
32700857,
32706282,
32706467,
32706477,
32706508,
32711812,
32742475,
32749277,
32749973,
32751237,
32752794,
32769749,
32780576,
32782490,
32784580,
32787424,
32789712,
32790362,
32791264,
32791282,
32797326,
32805200,
32818180,
32820515,
32821047,
32822026,
32823242,
32826492,
32826920,
32827660,
32834931,
32862476,
32873043,
32876104,
32877152,
32890044,
32895194,
32897642,
32902829,
32933590,
32952186,
32988286,
33031669,
33031679,
33057877,
33057925,
33058201,
33058260,
33060801,
33067967,
33093810,
33120936,
33124071,
33124212,
33125259,
33125573,
33132315,
33133059,
33161826,
33164479,
33208534,
33212542,
33212724,
33247325,
33248351,
33251729,
33254181,
33262066,
33285978,
33311546,
33327613,
33394951,
33406377,
33416359,
33493779,
33504143,
33504189,
33506403,
33535040,
33535617,
33544338,
33545777,
33579675,
33580424,
33595322,
33641497,
33642073,
33649519,
33685426,
33687239,
33695640,
33706403,
33710139,
33733378,
33735506,
33735636,
33755937,
33757153,
33762394,
33762571,
33762698,
33762740,
33805678,
33817731,
33819850,
33898103,
33903390,
33904329,
33912231,
33920494,
33937521,
33938631,
33938941,
33940880,
33947456,
33949746,
33952780,
33960129,
33971633,
33974461,
33976023,
33976816,
34019465,
34025115,
34045120,
34046294,
34046344,
34046993,
34049879,
34050972,
34052024,
34052253,
34058413,
34085205,
34085818,
34087307,
34087570,
34091879,
34093118,
34093463,
34094608,
34095676,
34101994,
34127215,
34133761,
34133826,
34136170,
34138771,
34164700,
34166895,
34167336,
34167771,
34170853,
34171440,
34171626,
34220875,
34247690,
34249122,
34262793,
34263903,
34264466,
34275123,
34280179,
34282054,
34283564,
34321639,
34324139,
34327465,
34327543,
34330702,
34331720,
34332184,
34363792,
34374563,
34407677,
34410527,
34413019,
34417493,
34447640,
34456376,
34519493,
34527801,
34564940,
34604805,
34642979,
34642980,
34676654,
34723645,
34742463,
34748104,
34750413,
34752927,
34759552,
34785561,
34785758,
34790305,
34813721,
34820139,
34820140,
34826178,
34826659,
34832309,
34838801,
34866429,
34868050,
34868956,
34899393,
34899713,
34900066,
34900262,
34901416,
34912727,
34922286,
34938534,
34940094,
34940729,
34942940,
34983338,
35007812,
35011174,
35013067,
35013121,
35016406,
35037894,
35040554,
35042868,
35043249,
35043268,
35043316,
35044054,
35045230,
35046901,
35048290,
35050949,
35051640,
35063762,
35065109,
35070490,
35072259,
35078151,
35078830,
35079396,
35105612,
35120216,
35120704,
35120974,
35124247,
35149570,
35155964,
35157383,
35162715,
35187184,
35188081,
35189909,
35194377,
35194438,
35195160,
35195748,
35198582,
35199102,
35200181,
35212401,
35214843,
35231052,
35233326,
35256194,
35259858,
35260322,
35262766,
35312100,
35313835,
35318477,
35347885,
35392274,
35458994,
35461821,
35462433,
35520036,
35558315,
35602744,
35616003,
35647421,
35699838,
35721188,
35760417,
35769325,
35794208,
35851243,
35873172,
35888158,
35941666,
35959895,
36044853,
36054399,
36097511,
36098717,
36104899,
36105239,
36107639,
36144937,
36148853,
36151878,
36179045,
36183465,
36185863,
36195072,
36195491,
36200166,
36219832,
36224982,
36225555,
36259573,
36262016,
36267674,
36272110,
36274341,
36275074,
36275575,
36314016,
36315936,
36319766,
36326111,
36332761,
36377452,
36393511,
36406607,
36446408,
36449698,
36450425,
36464439,
36464468,
36466032,
36475179,
36475361,
36480394,
36481781,
36482836,
36483190,
36488635,
36498969,
36530345,
36536598,
36539102,
36540466,
36554432,
36554847,
36590196,
36631079,
36632982,
36638306,
36641071,
36641512,
36644607,
36685185,
36734987,
36739143,
36761896,
36763303,
36806480,
36811612,
36857755,
36861568,
36912597,
36921358,
36954262,
36957118,
36957446,
36958755,
36960948,
36982848,
36984592,
36992310,
37012192,
37027479,
37028409,
37035370,
37042276,
37081022,
37082074,
37085370,
37091497,
37091634,
37137991,
37173740,
37176815,
37178304,
37182206,
37183148,
37200043,
37225360,
37226038,
37260125,
37308710,
37350449,
37351734,
37359814,
37406811,
37407774,
37425163,
37455049,
37458604,
37473891,
37491200,
37502306,
37537005,
37537024,
37550311,
37611487,
37611631,
37620676,
37623162,
37623791,
37663998,
37674404,
37681440,
37760375,
37887777,
37909390,
37909565,
37961621,
37967741,
37967830,
37968145,
38093984,
38141952,
38142437,
38197351,
38198891,
38199251,
38224254,
38263827,
38272207,
38274945,
38290434,
38317164,
38319652,
38323287,
38327233,
38401363,
38406491,
38410135,
38411313,
38461894,
38464265,
38483885,
38535739,
38604328,
38647576,
38650199,
38679189,
38683913,
38758730,
38759707,
38787124,
38848141,
38865122,
38906601,
38907853,
38918835,
38961321,
38972918,
38984599,
39115096,
39116250,
39131783,
39136265,
39136787,
39181122,
39217797,
39234837,
39236619,
39253730,
39287950,
39296440,
39301695,
39346559,
39367272,
39374322,
39376942,
39407541,
39425357,
39448059,
39449097,
39452326,
39452506,
39459520,
39506293,
39520729,
39522734,
39572058,
39572652,
39574974,
39617330,
39627452,
39683668,
39722407,
39723062,
39738219,
39773945,
39790577,
39831650,
39836470,
39869835,
39871271,
39916477,
39917836,
39927434,
39993853,
40026280,
40040635,
40090428,
40090995,
40170871,
40250257,
40263229,
40289820,
40299212,
40349821,
40350792,
40356063,
40397545,
40412714,
40439950,
40440052,
40490245,
40495375,
40564150,
40578228,
40610885,
40615800,
40659021,
40753253,
40770125,
40837053,
40837088,
40879362,
40904477,
40942723,
40948021,
40965312,
40969013,
40969104,
40991980,
41044548,
41071553,
41106669,
41114257,
41115626,
41131581,
41220698,
41250682,
41280888,
41282966,
41289156,
41290596,
41457896,
41499411,
41560674,
41575103,
41589323,
41602535,
41635376,
41652011,
41695496,
41914032,
41951222,
41957595,
41958015,
42086458,
42125318,
42320353,
42348372,
42351735,
42386351,
42477090,
42522619,
42701760,
42814573,
42835880,
42858943,
42910619,
42957273,
42959288,
42962871,
42965537,
43006355,
43030181,
43034135,
43052243,
43054869,
43070394,
43088754,
43099541,
43133504,
43141664,
43182422,
43182840,
43266631,
43302782,
43314892,
43315934,
43318965,
43413972,
43586632,
43591562,
43649795,
43671300,
43949998,
44261061,
44424520,
44937512,
45047850,
45209445,
45276283,
45364813,
45617686,
45944483,
46298062,
46408362,
46813851,
46994911,
46995379,
47056955,
47196334,
47285357,
47639328,
47658840,
47703553,
47880273,
47919650,
50338641,
52355078,
52355094,
52943273,
52981810,
52994337,
53156763,
31169821,
31462726,
32024630,
32245095,
34093492,
37406245,
37502583,
37761334,
38190041,
38195801,
38195852,
38195944,
38196079,
38196366,
38196484,
38196485,
38196509,
38196722,
38196939,
38196987,
38198628,
38199440,
38287030,
38323640,
38399300,
38399305,
38481686,
38640516,
38658881,
38677282,
38680666,
38689624,
38718434,
38718907,
38719013,
38719049,
38719088,
38756484,
38781258,
38843953,
38862616,
38881188,
38911922,
38913313,
38983542,
38988689,
38993866,
39058006,
39100760,
39121767,
39151736,
39151939,
39258326,
39282446,
39331362,
39335362,
39448146,
39505120,
39505527,
39508957,
39556272,
39651549,
39651926,
39669996,
39766104,
39767087,
39803193,
39818492,
39823315,
39828737,
39831616,
39861899,
39865539,
39868695,
39870055,
39872123,
39873475,
39876181,
39886747,
39895343,
39916879,
39947398,
39948447,
39982069,
39985026,
39990029,
39990216,
39990247,
40090927,
40130224,
40132675,
40141311,
40155194,
40212584,
40229773,
40232865,
40235102,
40242812,
40247211,
40249155,
40260769,
40280718,
40298028,
40346991,
40354521,
40354701,
40354809,
40399897,
40400632,
40451408,
40455630,
40547587,
40556650,
40561893,
40562632,
40567615,
40567853,
40572744,
40573190,
40600933,
40614137,
40767149,
40773890,
40778015,
40827220,
40827517,
40837033,
40887009,
40971583,
40972065,
40980133,
40980175,
41041017,
41045276,
41055329,
41058067,
41058569,
41062878,
41063996,
41066467,
41101761,
41103410,
41111032,
41112359,
41114322,
41114327,
41157908,
41158915,
41163746,
41212313,
41222937,
41235510,
41280171,
41336390,
41362691,
41362692,
41362698,
41362700,
41362701,
41370612,
41409222,
41413158,
41484727,
41550065,
41561812,
41583418,
41589455,
41592425,
41633544,
41645831,
41646817,
41664651,
41680553,
41685707,
41790339,
41792234,
41808165,
41808603,
41816030,
41869367,
41888266,
41903590,
41915472,
41916815,
41917231,
41920612,
41929331,
41957158,
41963433,
41963566,
41963965,
41965959,
41965976,
42006834,
42078295,
42132243,
42134205,
42135500,
42136285,
42146775,
42146824,
42175385,
42179146,
42182921,
42221756,
42224944,
42227033,
42227314,
42227844,
42228601,
42230097,
42231704,
42232006,
42250046,
42265935,
42317679,
42318428,
42321492,
42332305,
42335325,
42344642,
42358130,
42381543,
42385112,
42389069,
42390049,
42407167,
42407252,
42426326,
42431890,
42435721,
42435763,
42435806,
42435808,
42435844,
42435889,
42435890,
42436343,
42438764,
42486203,
42499956,
42513241,
42516952,
42522743,
42560708,
42561930,
42562037,
42562104,
42578606,
42580540,
42591078,
42591176,
42591747,
42595782,
42600065,
42600174,
42601926,
42644120,
42647290,
42650801,
42662693,
42686922,
42697162,
42698788,
42737065,
42739623,
42743584,
42752854,
42774728,
42787867,
42797547,
42807695,
42814745,
42853204,
42853622,
42855331,
42859266,
42898316,
42898687,
42903412,
42906058,
42928114,
42931928,
42960031,
42961280,
42961898,
42964099,
42964275,
42965598,
42967316,
42996824,
42999718,
43000855,
43001385,
43001484,
43002470,
43002865,
43009080,
43009250,
43015026,
43029915,
43033061,
43035655,
43035683,
43036569,
43037374,
43041415,
43051993,
43056157,
43057695,
43057710,
43064976,
43066720,
43068214,
43070422,
43077615,
43081014,
43087589,
43087842,
43088213,
43130530,
43133066,
43135943,
43137982,
43141940,
43178665,
43180243,
43185037,
43195523,
43223640,
43229953,
43232060,
43236781,
43257511,
43270556,
43272670,
43277174,
43301010,
43302699,
43305425,
43315878,
43318939,
43340468,
43349769,
43388438,
43391231,
43430684,
43433627,
43433732,
43434063,
43440156,
43440342,
43440864,
43441186,
43442952,
43443966,
43480495,
43486329,
43514196,
43529052,
43551216,
43553118,
43554212,
43563343,
43587851,
43588363,
43589798,
43591362,
43593141,
43606051,
43640276,
43650157,
43671878,
43683800,
43688085,
43692134,
43692227,
43731835,
43732515,
43738865,
43739832,
43739870,
43740144,
43743971,
43752634,
43779788,
43779903,
43780965,
43781297,
43782104,
43788568,
43814581,
43814982,
43815003,
43826703,
43827148,
43830764,
43831602,
43831694,
43831884,
43831966,
43834006,
43838461,
43845476,
43849355,
43849387,
43849763,
43851149,
43852817,
43853761,
43857595,
43858962,
43863210,
43895917,
43896615,
43897569,
43898891,
43902973,
43903735,
43904714,
43906172,
43906840,
43907426,
43907825,
43907892,
43910231,
43941581,
43941867,
43942344,
43950086,
43951739,
43964479,
43964638,
43967672,
43968878,
44001066,
44003286,
44003564,
44008631,
44009242,
44010311,
44020274,
44043290,
44043291,
44049322,
44081501,
44093754,
44094036,
44096583,
44108792,
44109786,
44111514,
44111602,
44117103,
44117291,
44117324,
44119667,
44119685,
44119878,
44126911,
44129370,
44131822,
44133104,
44159211,
44159996,
44162160,
44165645,
44165817,
44166157,
44166260,
44167885,
44180883,
44185593,
44212382,
44212542,
44214133,
44214396,
44253976,
44255911,
44264804,
44365528,
44434666,
44467450,
44471752,
44507738,
44518250,
44562818,
44618366,
44628982,
44683736,
44683852,
44684229,
44732869,
44783038,
44791144,
44812972,
44818249,
44823625,
44823725,
44825225,
44854745,
44867815,
44894583,
44903234,
44903442,
44931966,
44995145,
44995873,
45044412,
45047004,
45047777,
45047928,
45083455,
45099339,
45120989,
45151248,
45155085,
45157420,
45162463,
45196377,
45197928,
45215002,
45216415,
45256084,
45314612,
45391462,
45413744,
45418668,
45459634,
45485428,
45505795,
45508348,
45509120,
45509358,
45514704,
45515547,
45515839,
45517588,
45523223,
45524297,
45529244,
45532048,
45566095,
45566798,
45569595,
45570317,
45574176,
45591367,
45594586,
45598758,
45616622,
45632004,
45657267,
45676759,
45679796,
45696383,
45697050,
45697845,
45713426,
45736964,
45742459,
45744748,
45745419,
45749166,
45749990,
45800626,
45802265,
45802437,
45802484,
45815254,
45840053,
45840708,
45843372,
45845333,
45845390,
45845765,
45846365,
45848573,
45851634,
45851796,
45852033,
45854140,
45889982,
45899366,
45900923,
45924333,
45924922,
45941432,
45942779,
45945820,
45958184,
45961454,
45963245,
45963710,
45965162,
45966565,
45966617,
45967643,
45968809,
45971829,
45976149,
45980336,
46006613,
46006795,
46008812,
46009357,
46009530,
46013075,
46014942,
46015607,
46015608,
46015785,
46016211,
46019799,
46022850,
46025646,
46063889,
46065921,
46073022,
46073605,
46090173,
46112790,
46113746,
46115813,
46117659,
46128701,
46128755,
46168745,
46168776,
46183994,
46212567,
46217645,
46228901,
46231596,
46232965,
46233373,
46238352,
46238806,
46239738,
46257094,
46257710,
46266316,
46289590,
46290323,
46293718,
46296498,
46305034,
46352032,
46355371,
46368733,
46412022,
46415326,
46415647,
46458266,
46458900,
46462896,
46496277,
46511747,
46516329,
46516780,
46544195,
46545474,
46545718,
46557757,
46590533,
46592856,
46595706,
46599848,
46600391,
46639944,
46642423,
46650151,
46650861,
46659221,
46701895,
46704450,
46707164,
46752667,
46827159,
46842099,
46848171,
46848357,
46849681,
46849817,
46852723,
46852972,
46855110,
46858350,
46861624,
46892684,
46893620,
46893706,
46898225,
46898494,
46901046,
46903870,
46904834,
46904837,
46905216,
46910283,
46942147,
46947553,
46948808,
46950967,
46953782,
46955805,
46957736,
46966658,
46984543,
46988221,
46991339,
46995842,
46996015,
46996357,
47000301,
47000371,
47000388,
47000421,
47000519,
47005897,
47037909,
47041777,
47055168,
47056713,
47096742,
47108304,
47116519,
47116593,
47116902,
47124881,
47125858,
47129907,
47175495,
47179308,
47184227,
47185187,
47191602,
47192069,
47231815,
47234662,
47264792,
47271415,
47276061,
47288146,
47321703,
47323292,
47358775,
47388831,
47393043,
47393740,
47399577,
47427936,
47439761,
47444689,
47448993,
47449217,
47489183,
47492017,
47492386,
47498144,
47502761,
47545604,
47547932,
47596270,
47597498,
47604084,
47635272,
47637209,
47658867,
47658896,
47668952,
47672383,
47697855,
47748561,
47756836,
47757092,
47759303,
47759453,
47801992,
47886286,
47904807,
47931689,
47933382,
48017482,
48026363,
48041675,
48083309,
48084755,
48087906,
48088043,
48089722,
48092289,
48130769,
48132653,
48172213,
48174839,
48174892,
48175354,
48178239,
48194710,
48194737,
48198941,
48239779,
48239845,
48240846,
48243255,
48243300,
48243772,
48243854,
48244754,
48250591,
48277348,
48289977,
48290079,
48330407,
48330739,
48367725,
48370366,
48419716,
48420044,
48425756,
48449989,
48452284,
48458261,
48458574,
48506807,
48512704,
48512969,
48546281,
48547513,
48556710,
48601279,
48619382,
48636437,
48656750,
48657538,
48658340,
48658620,
48659328,
48659850,
48670833,
48702336,
48706233,
48706242,
48706815,
48707333,
48710268,
48751702,
48753849,
48778874,
48809545,
48840221,
48843354,
48844812,
48858362,
48875488,
48875895,
48877552,
48878085,
48878565,
48880435,
48899301,
48909265,
48909910,
48910225,
48913961,
48916863,
48920354,
48942230,
48947870,
48947871,
48950121,
48950535,
48974854,
48992204,
49017009,
49048856,
49053154,
49073326,
49086687,
49089210,
49115267,
49132325,
49150512,
49151874,
49183642,
49187033,
49187760,
49187867,
49191460,
49196739,
49226387,
49230334,
49233909,
49258567,
49259312,
49296518,
49324068,
49324978,
49350408,
49358393,
49359307,
49420073,
49420582,
49420602,
49433541,
49449653,
49467871,
49471740,
49473428,
49473446,
49473505,
49482361,
49496770,
49559075,
49560422,
49562606,
49580712,
49597071,
49649323,
49689747,
49700711,
49709066,
49710653,
49711282,
49760406,
49814608,
49865606,
49868202,
49904464,
49926641,
49987445,
49990186,
50006922,
50007562,
50034452,
50035398,
50037358,
50039389,
50079874,
50090087,
50091018,
50092172,
50132010,
50143816,
50145708,
50147277,
50151469,
50153379,
50158093,
50163039,
50167884,
50204675,
50205228,
50210830,
50229174,
50249480,
50250507,
50251096,
50294686,
50297914,
50298801,
50308587,
50309031,
50314487,
50338571,
50338861,
50352685,
50381867,
50387283,
50394699,
50401089,
50402208,
50406659,
50414259,
50478679,
50515498,
50518109,
50527675,
50531389,
50552250,
50568054,
50571583,
50599985,
50602560,
50665933,
50677177,
50683050,
50683153,
50683418,
50687781,
50713224,
50751100,
50762060,
50767116,
50797109,
50809756,
50824236,
50871695,
50909121,
50912283,
50914529,
50917928,
50919704,
50924440,
50959655,
50983268,
50984978,
50985913,
50986123,
50986240,
51002308,
51007428,
51014068,
51072018,
51078074,
51078114,
51078371,
51079306,
51091135,
51147947,
51204598,
51208814,
51214427,
51247321,
51248976,
51253406,
51264728,
51264894,
51339736,
51456703,
51516545,
51521281,
51523465,
51528461,
51546421,
51572718,
51578623,
51578725,
51580685,
51580814,
51589561,
51654561,
51673721,
51674907,
51675452,
51679146,
51679160,
51680878,
51732670,
51739391,
51748235,
51752412,
51761628,
51773242,
51812284,
51862998,
51878691,
51915065,
51929724,
51985470,
51987337,
51991049,
52011471,
52015393,
52018286,
52056817,
52082387,
52082524,
52082525,
52082644,
52082645,
52083671,
52083914,
52084115,
52088086,
52128500,
52190818,
52197201,
52209503,
52212619,
52212698,
52251526,
52260772,
52346075,
52347914,
52350886,
52350887,
52350926,
52350983,
52414969,
52460738,
52468090,
52468505,
52469136,
52516677,
52532660,
52572567,
52575027,
52578133,
52584825,
52584830,
52622876,
52667071,
52674122,
52675750,
52677103,
52730741,
52740395,
52792909,
52864160,
52891327,
52891328,
52891375,
52894472,
52897795,
52898177,
52903268,
52906247,
52936680,
52939301,
52979090,
53004143,
53006605,
53083678,
53083679,
53083680,
53083681,
53083682,
53083684,
53083685,
53092320,
53096168,
53097012,
53098352,
53099554,
53101667,
53111976,
53155690,
53158977,
53197059,
53275871,
53280064,
53332828,
53332943,
53333044,
53333198,
53335658,
53335733,
53349234,
53383289,
53386089,
53428076,
53436425,
53530076,
53532001,
53533250,
53550001,
53551523,
53604236,
53612088,
53657367,
53659118,
53667890,
53714646,
53715442,
53754460,
53783817,
53822468,
53836093,
53840551,
53854378,
53862411,
53899630,
53968321,
53971843,
54079701,
54114535,
54139361,
54160346,
54161003,
54161053,
54161117,
54161404,
54161778,
54161819,
54162142,
54162221,
54162249,
54162313,
54162365,
54163702,
54163783,
54163933,
54164028,
54164125,
54164177,
54164275,
54164449,
54164514,
54164667,
54164700,
54164728,
54164755,
54164866,
54164895,
54166040,
54208360,
54209745,
54222173,
54222575,
54222599,
54222633,
54222706,
54222909,
54222942,
54224322,
54289416,
54297671,
54301817,
54303674,
54309267,
54339184,
54352829,
54435112,
54436405,
54457242,
54458166,
54462550,
54476248,
54480434,
54507770,
54537949,
54560475,
54604243,
54619624,
54624227,
54645752,
54650265,
54720809,
54748159,
54788811,
54843655,
54876429,
54899237,
54930270,
54941135,
54943838,
54992078,
55033187,
55052048,
55077204,
55190006,
55211888,
55379350,
55387657,
55428772,
55556867,
55613082,
55698455,
55708552,
55711370,
55714241,
55733850,
55780334,
55892580,
55922762,
55936694,
55953725,
55986865,
56031159,
56075614,
56123003,
56138654,
56197891,
56340695,
56450927,
56459240,
56519079,
56522389,
56594931,
56611775,
56633174,
56650721,
56670395,
56811224,
56857621,
56914712,
57013570,
57048658,
57174612,
57214492,
57226051,
57274415,
57288760,
57479613,
57492161,
57511301,
57591455,
57593471,
57597854,
57981329,
58037362,
58081251,
58102482,
58131180,
58139895,
58202984,
58465962,
58598705,
58604102,
58704366,
58713670,
58759080,
58783263,
58818779,
58823513,
59106401,
59225779,
59444056,
59957911,
60008932,
60009238,
60146013,
60187489,
60286527,
60574682,
60574906,
60577079,
60577811,
60623818,
62744305,
63174876,
63221833,
63554636,
64441434,
65376595,
65376671,
76149745,
35041823,
35157932,
37968999,
41647910,
46246419,
49759331,
50568600,
50868094,
52730873,
53439934,
53554487,
53610237,
53668829,
53759371,
53797344,
53797888,
53798787,
53843604,
53853747,
53895530,
53907029,
53913851,
54007211,
54131730,
54173127,
54203685,
54359684,
54388454,
54394937,
54435596,
54507145,
54608818,
54644922,
54669573,
54760393,
54764956,
54767105,
54782423,
54784385,
54833904,
54837362,
54840053,
54840537,
54844940,
54891274,
54891641,
54892725,
54939908,
54942541,
54943205,
54944078,
54946498,
54946633,
54950410,
54989264,
54997375,
55048790,
55053874,
55071738,
55073721,
55075783,
55076413,
55123353,
55126972,
55129829,
55129836,
55129844,
55130309,
55130565,
55130858,
55134194,
55134675,
55159624,
55180049,
55196415,
55203324,
55206007,
55251107,
55256657,
55304641,
55351554,
55357668,
55357927,
55376631,
55379082,
55383117,
55385717,
55429886,
55435152,
55444001,
55448802,
55465116,
55488339,
55496495,
55497022,
55502151,
55542819,
55547322,
55550360,
55551497,
55551542,
55551546,
55553999,
55556247,
55556578,
55600036,
55602509,
55606532,
55661948,
55664238,
55676312,
55682535,
55685353,
55687418,
55708179,
55710246,
55713747,
55714314,
55714419,
55716133,
55767169,
55770865,
55776917,
55779586,
55799205,
55823174,
55824789,
55824984,
55825743,
55827350,
55830845,
55830966,
55831042,
55831070,
55839668,
55843890,
55891824,
55895796,
55904638,
55908549,
55924475,
56013362,
56027956,
56033623,
56033625,
56033751,
56036470,
56040815,
56073147,
56074454,
56084637,
56117060,
56131079,
56132474,
56140083,
56141801,
56148290,
56148870,
56153577,
56165325,
56196458,
56200685,
56201427,
56201486,
56222327,
56246997,
56247235,
56249263,
56252127,
56280373,
56293172,
56318171,
56331036,
56341662,
56347627,
56347730,
56376175,
56376437,
56376584,
56378079,
56379774,
56413249,
56433454,
56434491,
56434592,
56438638,
56442099,
56496889,
56509994,
56513728,
56522531,
56523105,
56524305,
56525251,
56574508,
56628398,
56641513,
56656130,
56705158,
56719292,
56723992,
56755311,
56803730,
56803786,
56853557,
56889043,
56917028,
56933254,
56935225,
56936431,
56937313,
56982075,
56983967,
56988095,
56991380,
57043337,
57090441,
57096483,
57098067,
57098900,
57100582,
57140125,
57140173,
57142147,
57145492,
57177102,
57188421,
57196156,
57219611,
57220201,
57247613,
57269851,
57270448,
57274886,
57274981,
57279244,
57282487,
57290372,
57293142,
57293243,
57293964,
57299438,
57300854,
57302664,
57319379,
57322187,
57323194,
57323962,
57324302,
57324411,
57324899,
57326404,
57328383,
57328652,
57328661,
57328738,
57328844,
57329298,
57330323,
57330338,
57330379,
57336848,
57338605,
57339151,
57343465,
57344280,
57345828,
57349695,
57352072,
57353369,
57353483,
57356171,
57367847,
57371291,
57372173,
57373511,
57373701,
57376028,
57379170,
57379320,
57386930,
57406605,
57412948,
57413303,
57415743,
57416551,
57417709,
57417827,
57418381,
57418685,
57420171,
57420619,
57426647,
57439624,
57440046,
57449447,
57450278,
57451661,
57451748,
57451750,
57451832,
57451844,
57455092,
57456145,
57456374,
57457373,
57459494,
57462999,
57464039,
57468787,
57470022,
57470831,
57477250,
57477851,
57478093,
57490295,
57492948,
57534201,
57540181,
57547308,
57548408,
57673654,
57692942,
57695512,
57757616,
57777291,
57802919,
57805401,
57806205,
57924645,
57924978,
57973120,
57975186,
57977431,
57979014,
58040302,
58041632,
58041649,
58041699,
58041740,
58060146,
58067097,
58078230,
58131556,
58136525,
58190169,
58191401,
58191450,
58203052,
58203234,
58211406,
58211419,
58211434,
58217787,
58231027,
58260736,
58295828,
58340857,
58359624,
58374772,
58393397,
58396483,
58442614,
58446269,
58453903,
58535319,
58541792,
58547760,
58548735,
58557268,
58581329,
58676333,
58678648,
58693198,
58698307,
58698714,
58698845,
58698875,
58699108,
58703703,
58705763,
58706065,
58757871,
58823458,
58872811,
58919641,
58920826,
58923065,
58923820,
58923824,
58949562,
58951753,
58972399,
58972454,
58988288,
58988733,
58989604,
58989978,
59003530,
59037450,
59059762,
59061731,
59062827,
59096616)

--insert into T_CandidateStateUpdate (CompanyId,ApplicationId,UserId,StateId,Date) (select CompanyId,id,UserId,WorkflowState,Modified from T_application where id in (59097415,
59106235,
59113443,
59143271,
59143353,
59184734,
59197236,
59225527,
59225595,
59233607,
59252936,
59281343,
59317878,
59374075,
59420162,
59421603,
59421627,
59428524,
59429336,
59439224,
59442904,
59474185,
59479943,
59479955,
59510608,
59530322,
59549774,
59551573,
59551772,
59552334,
59552514,
59553102,
59553986,
59594089,
59596201,
59636180,
59660992,
59661272,
59667371,
59667658,
59667959,
59723309,
59723312,
59741687,
59847177,
59853533,
59898445,
59898715,
59902072,
59910413,
59946451,
59952895,
59955787,
59956872,
59965145,
60001771,
60003193,
60009175,
60013907,
60015715,
60017697,
60053294,
60053396,
60054781,
60056134,
60065294,
60068174,
60070506,
60082618,
60105724,
60165581,
60185015,
60198645,
60232411,
60232575,
60239654,
60240962,
60243040,
60244779,
60258419,
60285534,
60285748,
60287514,
60299859,
60355111,
60355126,
60364297,
60398916,
60413459,
60430496,
60451000,
60455046,
60473516,
60482236,
60485098,
60487489,
60512412,
60521436,
60528798,
60563692,
60566683,
60567070,
60573440,
60617593,
60627937,
60629805,
60704136,
60818737,
60883891,
60887926,
60903553,
60987847,
60987872,
61028707,
61077559,
61088537,
61127449,
61131314,
61135056,
61139248,
61187532,
61188740,
61190462,
61191800,
61192866,
61200568,
61207079,
61229769,
61237231,
61237661,
61238001,
61238595,
61243452,
61281984,
61284182,
61286407,
61293621,
61319598,
61335495,
61344603,
61359130,
61366660,
61370258,
61382017,
61411872,
61416159,
61417915,
61425327,
61425329,
61425962,
61454689,
61465243,
61465244,
61466192,
61470278,
61471653,
61481845,
61564692,
61570110,
61584152,
61603183,
61603201,
61654873,
61697262,
61697362,
61710961,
61725440,
61762994,
61790407,
61816041,
61838837,
61839822,
61840113,
61849403,
61849751,
61902696,
61902815,
61904919,
61914249,
61926872,
61950061,
62011168,
62011460,
62032337,
62043346,
62088059,
62129625,
62131367,
62131748,
62131898,
62132073,
62132223,
62133272,
62133359,
62133404,
62133457,
62133604,
62133778,
62133900,
62133943,
62134826,
62138185,
62138496,
62138612,
62138691,
62141019,
62144004,
62144233,
62189418,
62233900,
62305156,
62309482,
62323495,
62323931,
62324172,
62324963,
62325469,
62326706,
62337758,
62341107,
62341344,
62377245,
62379016,
62394048,
62398769,
62427788,
62433563,
62438825,
62439327,
62441430,
62451383,
62501983,
62502100,
62502214,
62502912,
62502913,
62502914,
62502915,
62502969,
62503492,
62504458,
62504761,
62504775,
62504778,
62504915,
62504948,
62554706,
62555529,
62557792,
62560299,
62615233,
62623023,
62635992,
62642048,
62651734,
62687352,
62699508,
62717696,
62745530,
62792025,
62792034,
62845027,
62906950,
62907036,
62907102,
62907194,
62908121,
62963191,
63083049,
63087989,
63137302,
63142003,
63143065,
63217276,
63274611,
63280524,
63282666,
63364537,
63427439,
63428270,
63482143,
63512572,
63532161,
63541086,
63541859,
63560765,
63572647,
63573137,
63598748,
63602344,
63606518,
63626217,
63752833,
63763793,
63863388,
63878818,
63879451,
63880885,
63934199,
63934202,
63966014,
63970523,
63970527,
63971085,
64003338,
64016660,
64018547,
64019267,
64020091,
64020264,
64023236,
64064298,
64078828,
64084368,
64094072,
64204258,
64231801,
64232465,
64237113,
64269002,
64326035,
64326513,
64327108,
64348447,
64359064,
64363966,
64393953,
64394733,
64395037,
64395187,
64395487,
64418927,
64474234,
64482111,
64485384,
64485385,
64485386,
64485387,
64485388,
64485390,
64485391,
64485472,
64485514,
64485574,
64485576,
64485698,
64485699,
64485700,
64485803,
64485804,
64485953,
64558696,
64646283,
64686624,
64687528,
64703627,
64731989,
64826432,
64905949,
64905966,
64906364,
64912110,
64916663,
64923946,
64956364,
64991134,
65008077,
65097345,
65121758,
65126438,
65160278,
65195550,
65371814,
65371928,
65394605,
65425373,
65432847,
65608291,
65610320,
65669986,
65680680,
65723984,
65732177,
65739334,
65788471,
65799507,
65923398,
65950015,
66067932,
66067934,
66067935,
66069080,
66069081,
66069238,
66069417,
66069687,
66073298,
66131878,
66132134,
66132390,
66136623,
66136866,
66139464,
66143789,
66161094,
66209083,
66276389,
66303586,
66309951,
66387831,
66398633,
66415107,
66482812,
66504250,
66577856,
66712991,
66789775,
66800933,
66802117,
66929960,
66930034,
66937829,
66982385,
67085246,
67151839,
67156133,
67156284,
67223947,
67225632,
67278229,
67283329,
67284753,
67286992,
67353782,
67393480,
67397441,
67397443,
67445683,
67447937,
67447979,
67456154,
67463666,
67463992,
67526233,
67527309,
67559344,
67563868,
67564739,
67577622,
67622612,
67633672,
67731260,
67777154,
67779233,
67782066,
67783475,
67783485,
67785238,
67785255,
67785407,
67786645,
67786922,
67787662,
67847335,
67896636,
67905326,
67921974,
67928962,
67967960,
68091352,
68092096,
68120740,
68120781,
68122002,
68124852,
68169178,
68184385,
68197045,
68198804,
68227822,
68230410,
68237045,
68242980,
68244179,
68305318,
68312453,
68317892,
68327275,
68374469,
68381372,
68458805,
68460928,
68489728,
68491952,
68492269,
68572480,
68579790,
68581593,
68584336,
68585306,
68593406,
68626630,
68632232,
68642063,
68699523,
68738029,
68807780,
68817303,
68823411,
68825124,
68855734,
68868007,
68872404,
68873333,
68875392,
68878496,
68884154,
68888379,
68927068,
68930296,
68931125,
68954815,
68957360,
68979745,
68990625,
68992911,
68996886,
68997959,
69054748,
69056362,
69061921,
69070219,
69135391,
69137475,
69139417,
69142704,
69195286,
69202876,
69206547,
69264359,
69370940,
69372818,
69374627,
69444462,
69446625,
69511599,
69516551,
69517448,
69522491,
69583564,
69610141,
69652933,
69654087,
69676668,
69690372,
69693397,
69702320,
69734547,
69740220,
69744162,
69758791,
69769089,
69800218,
69807974,
69840154,
69841045,
69857254,
69863498,
69881236,
69893675,
69903776,
69917751,
69973154,
70028573,
70034710,
70129670,
70131272,
70134770,
70188540,
70205242,
70209082,
70253825,
70256134,
70257999,
70264134,
70269631,
70272225,
70318564,
70322235,
70341522,
70366701,
70370011,
70371804,
70373940,
70373942,
70414225,
70415807,
70439011,
70450480,
70462053,
70463046,
70467674,
70472953,
70516972,
70528246,
70529810,
70530937,
70582227,
70629092,
70641461,
70651872,
70686933,
70690814,
70721166,
70722439,
70728405,
70742457,
70765676,
70786125,
70788790,
70813618,
70823367,
70823854,
70825683,
70839926,
70888701,
70889215,
70890955,
70948292,
70949554,
70950062,
70958701,
70996694,
70999069,
71015226,
71037470,
71043334,
71044729,
71047010,
71057489,
71087736,
71093478,
71119436,
71147694,
71148087,
71148926,
71150452,
71151707,
71154319,
71158600,
71200009,
71204293,
71208139,
71264019,
71265974,
71280070,
71314397,
71317032,
71318449,
71377398,
71449042,
71449884,
71450033,
71454778,
71471499,
71523245,
71525798,
71579004,
71579458,
71727272,
71728845,
71794655,
71889609,
71896420,
71901040,
71991214,
71998997,
72041796,
72046574,
72102572,
72104245,
72150956,
72158798,
72215469,
72216467,
72218459,
72265753,
72269268,
72328343,
72336639,
72358311,
72365861,
72411183,
72411610,
72445039,
72496975,
72497371,
72498933,
72547066,
72553836,
72557883,
72628138,
72675638,
72680550,
72694363,
72694456,
72718677,
72725363,
72736018,
72736080,
72759053,
72761003,
72805639,
72884486,
72911032,
72917300,
72943762,
72964216,
73003237,
73029752,
73044301,
73158779,
73220841,
73223981,
73225062,
73385042,
73420705,
73429917,
73430199,
73431054,
73431573,
73437533,
73437831,
73449823,
73550223,
73560566,
73566966,
73636891,
73638458,
73729614,
73731749,
73732998,
73735255,
73736532,
73740063,
73740109,
73743844,
73765178,
73800260,
73805564,
73810372,
73816518,
73863476,
73871761,
73887575,
73915140,
73917079,
73918356,
73920431,
73925905,
74011027,
74011638,
74041753,
74058090,
74059001,
74060317,
74062612,
74062949,
74064035,
74066150,
74132076,
74328079,
74447098,
74447271,
74450076,
74455384,
74567993,
74628882,
74629021,
74629044,
74629069,
74630505,
74630517,
74634441,
74634458,
74634753,
74634761,
74634784,
74634858,
74634888,
74639019,
74648947,
74649307,
74715847,
74717313,
74764621,
74765824,
74773235,
74778638,
74845550,
74845701,
74851902,
74851907,
74919092,
74921168,
74929049,
74976809,
74977298,
75006173,
75121229,
75175352,
75244199,
75253334,
75253335,
75253336,
75253338,
75253339,
75302961,
75317241,
75317386,
75329311,
75337264,
75341229,
75369078,
75452563,
75493066,
75503867,
75511076,
75531576,
75536808,
75594166,
75594942,
75598347,
75601655,
75601822,
75659198,
75668852,
75677533,
75736135,
75737820,
75738237,
75793181,
75876260,
75879821,
75879902,
75884627,
75892758,
75943568,
75945326,
75946499,
76010549,
76033017,
76071729,
76077784,
76077892,
76077955,
76137683,
76157072,
76271145,
76364589,
76375274,
76375275,
76386743,
76393459,
76434820,
76436619,
76442820,
76450997,
76465377,
76466482,
76487622,
76489693,
76493957,
76495878,
76527674,
76538560,
76542424,
76542463,
76554070,
76560099,
76581344,
76581491,
76581764,
76584323,
76604420,
76604554,
76628930,
76641681,
76681752,
76682208,
76685563,
76687826,
76705168,
76738919,
76738986,
76739078,
76741809,
76755828,
76851556,
76855721,
76868493,
76948090,
77021015,
77022523,
77038827,
77072950,
77073172,
77092257,
77094192,
77205738,
77205807,
77205923,
77544165,
77548455,
77633697,
77682372,
77751198,
77826006,
77942601,
77943703,
77993224,
77998732,
78191579,
78204367,
78349383,
78349862,
78355957,
78358003,
78358011,
78411084,
78440324,
78481042,
78486583,
78543275,
78550010,
78551110,
78551120,
78551147,
78551539,
78557644,
78569708,
78569897,
78662709,
78679512,
78679856,
78686776,
78782707,
78805461,
78827079,
78844546,
78873523,
78884860,
78929926,
78935800,
78967875,
79055148,
79077028,
79077380,
79177525,
79221751,
79288388,
79292419,
79297409,
79298480,
79438726,
79505705,
79519814,
79539539,
79583745,
79584713,
79618938,
79664309,
79742155,
79742172,
79753448,
79768842,
79835355,
79849920,
79928351,
79928398,
79928400,
79929659,
79963417,
79992844,
79994605,
79999027,
80466105,
80560890,
80634650,
80639688,
80701800,
80709903,
80757785,
80818686,
80866246,
80866275,
80867823,
80921824,
80929766,
80940515,
80945464,
80996376,
80997537,
81024699,
81072827,
81078559,
81087596,
81087602,
81087613,
81087722,
81087757,
81093056,
81093255,
81093481,
81095747,
81102466,
81103263,
81104313,
81113945,
81117278,
81118236,
81144334,
81145970,
81146865,
81147071,
81147693,
81148668,
81150279,
81151907,
81152095,
81154156,
81156237,
81161566,
81164245,
81164887,
81169843,
81193004,
81207785,
81210782,
81216022,
81225888,
81237154,
81247128,
81248277,
81248742,
81250062,
81250079,
81252752,
81252802,
81258566,
81259570,
81261833,
81271460,
81272664,
81273947,
81274888,
81277443,
81307889,
81308027,
81308755,
81309494,
81312822,
81313676,
81315650,
81377468,
81387720,
81442993,
81446604,
81455296,
81459420,
81492763,
81492944,
81515122,
81549614,
81588981,
81615379,
81696063,
81696064,
81696067,
81701310,
81797361,
81817871,
81915063,
82032342,
82077896,
82083189,
82083245,
82094428,
82138707,
82151210,
82201691,
82235078,
82245320,
82258594,
82298626,
82312643,
82348852,
82364272,
82366334,
82416084,
82423007,
82433943,
82441339,
82443242,
82446982,
82462000,
82469234,
82492557,
82495363,
82496625,
82497411,
82498608,
82499108,
82499998,
82500095,
82500850,
82501642,
82501648,
82505867,
82514450,
82520092,
82539603,
82541088,
82548507,
82562704,
82571710,
82574299,
82585430,
82586472,
82587776,
82588091,
82590642,
82591857,
82595276,
82597851,
82598818,
82604764,
82616924,
82634157,
82658940,
82659100,
82659482,
82660384,
82660451,
82662845,
82662870,
82664030,
82664208,
82668712,
82681684,
82695104,
82723370,
82728329,
82728630,
82728632,
82728633,
82728634,
82731133,
82809928,
82837784,
82838343,
82932484,
82935447,
83053592,
83053900,
83140188,
83202913,
83368579,
83382839,
83583792,
83634878,
83836053,
84024879,
84101288,
84107517,
84113480,
84143426,
84151538,
84156324,
84157046,
84159411,
84160374,
84160773,
84162215,
84162367,
84175108,
84416162,
84588341,
84621947,
84707757,
84849886,
84867192,
84867229,
84867454,
84873801,
84922379,
84973747,
84988800,
84991360,
84994872,
85063924,
85221595,
85231262,
85238887,
85263170,
85321455,
85363901,
85404372,
85427718,
85476080,
85527836,
85576085,
85597333,
85656615,
85667783,
85672003,
85699460,
85711702,
85713162,
85717082,
85720363,
85726770,
85797947,
85823139,
85856658,
85892932,
85913386,
85994520,
85995002,
85995368,
85995430,
85995602,
85996429,
85996494,
85996717,
85997765,
86075714,
86085994,
86089802,
86094221,
86094462,
86095152,
86095166,
86095508,
86095711,
86095895,
86096254,
86100805,
86101540,
86101572,
86101785,
86101875,
86105275,
86107171,
86109253,
86111443,
86111600,
86118179,
86130500,
86150909,
86164064,
86164093,
86164160,
86177381,
86177402,
86179684,
86180293,
86184350,
86187794,
86214030,
86248694,
86252263,
86252912,
86254336,
86254547,
86255784,
86261370,
86262434,
86264610,
86270047,
86275671,
86280021,
86305362,
86306800,
86316098,
86355724,
86382348,
86382384,
86383044,
86385569,
86385616,
86439035,
86439417,
86441704,
86442142,
86443886,
86444430,
86444772,
86445245,
86445466,
86445976,
86446280,
86448583,
86451712,
86453364,
86453938,
86458086,
86461287,
86488518,
86489024,
86490625,
86494030,
86494595,
86498086,
86499485,
86500785,
86502476,
86502842,
86503494,
86503545,
86503955,
86505500,
86505809,
86507820,
86508841,
86510223,
86511090,
86512689,
86521588,
86525895,
86541081,
86545457,
86567827,
86573606,
86573918,
86576389,
86577749,
86581624,
86583415,
86584586,
86584787,
86585163,
86585455,
86587304,
86588780,
86588857,
86590298,
86591526,
86593891,
86598787,
86603420,
86605537,
86607371,
86614189,
86652300,
86654663,
86655844,
86656382,
86657630,
86658704,
86658986,
86661407,
86661942,
86662929,
86665515,
86665624,
86668188,
86671127,
86673161,
86673526,
86679458,
86681249,
86682260,
86683745,
86686455,
86687443,
86692144,
86696950,
86719263,
86720317,
86721217,
86721757,
86722251,
86722790,
86722971,
86724042,
86724612,
86725175,
86725470,
86727784,
86728378,
86728403,
86729916,
86731417,
86732064,
86734986,
86744708,
86746170,
86748277,
86749827,
86751427,
86752937,
86754341,
86760346,
86783358,
86783760,
86784480,
86787535,
86788421,
86789180,
86790116,
86792405,
86794325,
86796108,
86801248,
86804323,
86805856,
86813624,
86844604,
86845892,
86846735,
86848103,
86849019,
86849700,
86859731,
86861198,
86863519,
86875034,
86878224,
86878355,
86881097,
86889915,
86891584,
86913129,
86925434,
86928650,
86929125,
86930544,
86930879,
86931515,
86932329,
86932878,
86936961,
86937365,
86940444,
86944128,
86949560,
86950447,
86955359,
86956660,
86982478,
86982652,
86986188,
86987173,
86988107,
86990773,
86990798,
86992480,
86993332,
86996537,
86997168,
86998640,
86998749,
86999285,
87001815,
87001960,
87003525,
87005260,
87007544,
87009822,
87017812,
87029246,
87030637,
87033576,
87036043,
87056815,
87069385,
87069464,
87075058,
87099043,
87138716,
87162070,
87173554,
87176457,
87182079,
87223740,
87229251,
87262784,
87263049,
87263825,
87264789,
87265584,
87312574,
87337957,
87344412,
87355590,
87408740,
87410715,
87412367,
87412493,
87416162,
87416169,
87417355,
87417571,
87422105,
87424295,
87424341,
87425465,
87428339,
87429182,
87470854,
87479666,
87480859,
87493160,
87496262,
87499083,
87501307,
87501524,
87512424,
87565384,
87567275,
87569836,
87570146,
87576539,
87578462,
87585361,
87589479,
87600990,
87624728,
87629983,
87634064,
87644145,
87653523,
87664669,
87690619,
87690943,
87691082,
87694877,
87698483,
87716270,
87719625,
87728154,
87749209,
87750386,
87750959,
87753742,
87755757,
87756382,
87756395,
87756799,
87758531,
87769476,
87776562,
87777532,
87787610,
87802888,
87812577,
87813615,
87814797,
87815929,
87817021,
87821592,
87822729,
87827080,
87827991,
87837197,
87846783,
87854004,
87862076,
87882006,
87885218,
87886557,
87889127,
87893187,
87897301,
87897361,
87897370,
87919835,
87952370,
87960478,
87960702,
87974533,
88005336,
88015648,
88017867,
88019471,
88071343,
88123467,
88138557,
88162630,
88240997,
88250634,
88251038,
88310020,
88312065,
88312797,
88323492,
88324325,
88451217,
88451353,
88462357,
88464806,
88547186,
88548373,
88574546,
88574684,
88587899,
88594586,
88684249,
88696693,
88744089,
88752021,
88757315,
88811716,
88828186,
88828211,
88828298,
88913653,
88929502,
89072165,
89083116,
89095961,
89099109,
89114758,
89125051,
89143572,
89168290,
89171332,
89171646,
89172670,
89173379,
89173882,
89174893,
89175655,
89181780,
89182259,
89185906,
89186358,
89188879,
89194501,
89198629,
89207181,
89219149,
89256575,
89258525,
89261273,
89286659,
89298702,
89338140,
89339160,
89398549,
89413041,
89426957,
89436766,
89441515,
89445400,
89445548,
89498715,
89503385,
89559171,
89560225,
89577732,
89593426,
89634855,
89649742,
89650377,
89661627,
89710640,
89713440,
89718417,
89724069,
89777078,
89777147,
89778996,
89794676,
89813137,
89818953,
89819185,
89902452,
89914935,
89975702,
89978029,
90054236,
90068418,
90121418,
90121419,
90147100,
90149992,
90170777,
90178949,
90185229,
90332527,
90482150,
90486109,
90505768,
90545249,
90547434,
90548475,
90548530,
90548999,
90604103,
90618488,
90647623,
90704142,
90705915,
90717460,
90775531,
90790874,
90791173,
90835432,
90852261,
90913075,
90917139,
90917755,
90928178,
90930064,
90945341,
90983296,
90983325,
90989406,
90989483,
90992224,
91061923,
91114812,
91118199,
91220248,
91311726,
91320648,
91373273,
91502013,
91569791,
91578644,
91709596,
91717303,
91732290,
91829473,
91832609,
91907483,
91939550,
91999734,
92002198,
92065021,
92113756,
92150380,
92150552,
92190038,
92206312,
92433989,
92519418,
92526230,
92601736,
92603644,
92603718,
92611378,
92671791,
92717867,
92781360,
92808523,
92815464,
92864944,
92916008,
92982784,
92989144,
93049238,
93091371,
93118474,
93166488,
93172624,
93186892,
93232613,
93238019,
93248195,
93312177,
93317146,
93328395,
93331525,
93390015,
93390674,
93434165,
93451381,
93468582,
93475508,
93480247,
93497873,
93502343,
93502487,
93526532,
93527175,
93532624,
93532974,
93534407,
93588762,
93589807,
93590440,
93593053,
93594609,
93594783,
93595830,
93650310,
93650639,
93669654,
93718966,
93721201,
93769065,
93770753,
93777218,
93838339,
93853041,
93862206,
93863467,
93865047,
93924099,
93926053,
93926843,
93927696,
93928584,
93933747,
93938694,
93975350,
93975675,
93979149,
93979570,
93980698,
93982281,
93985420,
93985591,
93990693,
94038097,
94045590,
94085904,
94086024,
94086067,
94088806,
94092587,
94093446,
94095747,
94096474,
94106761,
94160211,
94196544,
94197715,
94216926,
94227398,
94249145,
94251099,
94251523,
94252966,
94253126,
94257172,
94260439,
94294954,
94299612,
94300149,
94308222,
94312377,
94313630,
94313674,
94319598,
94320223,
94320304,
94372755,
94373492,
94376185,
94376962,
94413593,
94420453,
94458494,
94528936,
94577370,
94580906,
94633204,
94660363,
94668205,
94672425,
94672801,
94717983,
94723152,
94766491,
94766971,
94767027,
94767028,
94815584,
94884030,
94936546,
95008694,
95066038,
95160062,
95160068,
95163808,
95319427,
95342443,
95418806,
95420722,
95444153,
95504710,
95526000,
95532733,
95561808,
95688043,
95690154,
95691165,
95699510,
95705733,
95705865,
95731650,
95736701,
95773073,
95860899,
95861633,
95952897,
95977527,
95984080,
96037888,
96056418,
96119955,
96132099,
96204496,
96289305,
96365473,
96393217,
96475734,
96546904,
96579055,
96666767,
96757454,
96828360,
96829662,
96830022,
96836701,
96837155,
96837695,
96839285,
96887988,
96893164,
96904709,
96948869,
96978788,
97018078,
97029331,
97063817,
97067968,
97114607,
97116157,
97122833,
97177044,
97177188,
97177356,
97182240,
97183144,
97184602,
97185511,
97259398,
97364463,
97369222,
97369490,
97371033,
97371887,
97380446,
97413716,
97431062,
97462569,
97467688,
97469727,
97470077,
97529690,
97530286,
97530740,
97533475,
97534018,
97534753,
97535278,
97585454,
97585833,
97586328,
97590728,
97617849,
97654492,
97654987,
97657079,
97657348,
97658621,
97702021,
97711204,
97712697,
97716167,
97742245,
97746531,
97769395,
97773716,
97785970,
97787583,
97788965,
97790211,
97790430,
97793670,
97830260,
97831176,
97833565,
97834816,
97834819,
97838429,
97894976,
97898827,
97916603,
97953507,
97953872,
97955492,
97959294,
97960587,
98028117,
98127904,
98127906,
98132705,
98133808,
98194884,
98208178,
98253713,
98262351,
98265432,
98336933,
98345211,
98345808,
98348056,
98348339,
98357754,
98424397,
98441812,
98448168,
98479027,
98496182,
98504548,
98513086,
98541190,
98549051,
98605922,
98615317,
98618478,
98620157,
98633450,
98679345,
98725968,
98738649,
98824823,
98832476,
98834366,
98842505,
98857388,
98857622,
98894086,
98902556,
98924967,
98928054,
98979515,
98990596,
99011051,
99071300,
99144802,
99146192,
99146374,
99150418,
99216679,
99227564,
99433007,
99471409,
99481282,
99520853,
99524246,
99529952,
99541538,
99686563,
99699766,
99743104,
99828519,
99875244,
99875820,
99877488,
99879026,
99879053,
99879116,
99936654,
99956394,
100038856,
100063669,
100076640,
100127869,
100137353,
100137559,
100140382,
100143278,
100257608,
100312399,
100316674,
100316736,
100327743,
100367406,
100381615,
100381957,
100432333,
100445391,
100448471,
100491598,
100491611,
100495605,
100495606,
100495607,
100505320,
100506945,
100515803,
100561134,
100604675,
100605280,
100633049,
100657929,
100661713,
100662887,
100663676,
100664746,
100664991,
100665986,
100666035,
100666204,
100668084,
100730573,
100735624,
100739093,
100742597,
100795206,
100795878,
100796877,
100874204,
100888192,
100926539,
100941365,
101011070,
101016913,
101048413,
101050817,
101062004,
101122032,
101123583,
101132138,
101133800,
101133988,
101133989,
101134093,
101184966,
101186356,
101187322,
101195765,
101195771,
101196457,
101250450,
101250504,
101252185,
101254894,
101261117,
101307672,
101319961,
101347841,
101379778,
101397950,
101407689,
101425597,
101496352,
101500718,
101556162,
101556376,
101558342,
101603508,
101613314,
101615529,
101619090,
101634229,
101662557,
101667686,
101672967,
101714693,
101716177,
101745240,
101745628,
101771746,
101772050,
101776132,
101780145,
101781108,
101786564,
101800483,
101830313,
101834263,
101834717,
101885990,
101894377,
101897465,
101897874,
101901047,
101903898,
101937093,
101953613,
101954169,
101960472,
101966108,
101984445,
101984995,
101995855,
102001514,
102001945,
102004257,
102010206,
102036507,
102102626,
102106913,
102112135,
102112733,
102113152,
102113306,
102117977,
102118637,
102166118,
102172473,
102173771,
102175648,
102215668,
102217062,
102227217,
102235888,
102268974,
102272091,
102274007,
102283093,
102296866,
102329874,
102342364,
102380745,
102381244,
102399201,
102431758,
102434109,
102435575,
102437104,
102448084,
102448500,
102448502,
102496722,
102574689,
102631484,
102679959,
102704594,
102732641,
102799051,
102806996,
102809471,
102812270,
102852543,
102855149,
102861686,
102867004,
102872503,
102872504,
102872622,
102890953,
102903734,
102921660,
102927329,
102937796,
102938980,
102939837,
102945805,
102947271,
102983780,
102991888,
103035424,
103082053,
103082106,
103147690,
103191098,
103313922,
103384239,
103417422,
103454740,
103459236,
103465145,
102794711,
102794895,
102795050,
102797301,
102800551,
102809722,
102810068,
102830653,
102865937,
102874291,
102880220,
102884723,
102987476,
102988345,
103057527,
103061216,
103078215,
103221405,
103221427,
103221918,
103223200,
103224548,
103231520,
103265380,
103265437,
103265467,
103266454,
103271216,
103273754,
103273819,
103275901,
103276072,
103276241,
103276470,
103276657,
103276901,
103277137,
103277239,
103314828,
103317017,
103317749,
103323181,
103405192,
103405248,
103407797,
103408986,
103409423,
103410553,
103470488,
103526763,
103529964,
103570582,
103577825,
103583762,
103598145,
31063398,
42481847,
52154618,
53673491,
70184831,
42000824,
30720803,
48380459,
37216138,
57326515,
38311045,
39224959,
40770340,
58764920,
58765114,
59426430,
57982214,
45419994,
45452452,
48079191,
48333816,
48492606,
50857123,
66141428,
54202792,
51809779,
52460115,
54156227,
54699933,
55391815,
56029148,
56519337,
58042124,
59152586,
60748506,
60949926,
66680215,
66781934,
67690246,
67752497,
68495177,
69071398,
69772253,
70129173,
70770744,
71706460,
71798230,
73733692,
74865849,
75134066,
76017115,
76508680,
76799971,
78552215,
80046640,
84092213,
84856016,
87946995,
89775586,
89780526,
90775210,
91060063,
94506884,
98337782,
98341820,
100662448)