update script:-


update t_application set Anonymized=null, Modified=now() where CompanyId=2908 and id in (118641373,118592065,118572392,118507262,118403461,118394260,118240154,117863632,117724076,117705257,117661664,117660398,117578543,117555646,117545975,117471700,117465995,117343565,117277654,117271520,117239242,117217427,117211777,117206620,117204608,117196353,116958919,116650635,116590943,116515130,116514221,116451688,116436670,116364929,116357309)


Rollback:-


update t_application set Anonymized=1, Modified=now() where CompanyId=2908 and id in (118641373,118592065,118572392,118507262,118403461,118394260,118240154,117863632,117724076,117705257,117661664,117660398,117578543,117555646,117545975,117471700,117465995,117343565,117277654,117271520,117239242,117217427,117211777,117206620,117204608,117196353,116958919,116650635,116590943,116515130,116514221,116451688,116436670,116364929,116357309)
