select * from t_user where Email ='kay.gabaldon@windriver.com';/*6375*/


select * from t_candidatestate where CompanyId=6375 and Deleted=0 and name like '%Recruiter%' order by name;/*229989----312475*/

select * from t_application where CompanyId=6375 and Deleted=0 and WorkflowState=229989;

select Id from t_candidatestateupdate where CompanyId=6375 and ApplicationId in (select Id from t_application where CompanyId=6375 and Deleted=0 and WorkflowState=229989) order by ApplicationId;


update script:-
update t_application set WorkflowState=312475, Modified=now() where CompanyId=6375 and WorkflowState=229989 and Deleted=0;
update t_candidatestateupdate set StateId=312475 where CompanyId=6375 and Id in (111028411,113226075,112469996,112479973,112827786,113629531,114885754,114881375,115779829,119154480,124989235,127650744,138084990,138537864,140306836,141282154,141282155,141282156,141282157,141282158,141282029,141282030,141282031,141282032,141281956,141281957,141281958,141281959,141281898,141281900,141281896,141281897,141281683,141281684,141281685,141281686,141281687,141281688,139913645,141278991,141278992,141278993,141278994,141278053,141278050,141278051,141278052,141277619,141277620,141277621,141277622,141277623,141277624,141276538,141276539,141276540,141276541,141276542,141276543,141276315,141276312,141276313,141276314,141275883,141275884,141275885,141275886,141274556,141274557,141274558,141274559,141273944,141247596,141247155,141246790,141276846,141276843,141276844,141276845,141276712,141276713,141276714,141276715,141276716,141276717,141271744,141243474,143909558,143908960,143908692,144004050,143907897,143687331,143686771,143685816,143685940,143685958,143745337,144000582,144000606,144515948,144515973,144515989,144516001,144515911,144516250,144516059,145675219,144516124,144497553,145675459,145675208,145675198,145675472,145675481,145736156,145675487,145675489,145675157,145675225,145983432,148121137,149065901,149538443,149537700,149537550,151339640,157824543,152814500,152667337,152803316,156332437,155787701,157295081,157412564,155782399,155782138,155577218,155576193,155571959,155575260,155698629,163664960,163664726,155705507,155574631,155705406,155235444,155235777,155235686,155705167,155703596,155571996,163664345,155702026,155695363,155701405,155989601,156841102,156328628,156593194,156592402,157412286,159277883,156591978,156591556,156591393,156590627,160607208,157017700,157017388,159277499,157566843,157412360,157017278,157017156,157016919,160599704,157030620,157564679,157567479,157016781,157564182,157560349,158178842,161200378,157565659,157293781,157559660,158255714,157556216,157559489,157559149,157927290,157558376,157824086,158009004,158008828,157558409,158008667,157650187,157926898,159841845,158008313,158461155,158460849,159841695,158008483,157921203,159593680,158460299,158459868,158459147,158457952,158456956,159825580,159283445,158456610,159728104,158455863,159515386,158935747,158936340,159592970,159817651,159521344,159587121,159591473,159592348,159827186,159879889,159826710,160594210,160731311,160091871,160190077,160593940,160476658,160589146,160863685,160863299,160862648,160607002,161108011,160970040,161107753,161107266,161107062,161107018,161188540,161194153,161193856,161194365,161641708,161751951,162479481,161910152,161868458,161915704,162469228,162479132,162478364,162477839,162477712,162477324,162477034,162468896,162476968,162476870,162469272,162476491,162476352,162475833,162475580,162475448,162474916,162474629,162474459,163169195,163024940,163288530,163556019,163447565,163447338,163544769,163752589,163661410,163772146,163771753,163770684,163771621,163771438,163771402,163858708,164677083,163980834,164459723,164462604,164676685,164461253,164460309,164466469,164591973,164459500,164554558,164814711,164814830,164897809,164897692,164810205,164800462,165144185,164897385,164897357,165235619,165143878,165143749,165235526,165244106,168006777,165421963,165421439,165789687,165795185,165794987,165794773,165794418,165794119,165767161,165793837,166094719,166094492,166880617,166095091,166093617,166319808,166546589,166546325,166543135,166556747,167372103,166880696,167077589,167067207,168006433,168006015,167563825,167562443,167563923,167561880,168021501,167897308,167897260,167896940,167896746,167896468,167760656,167896259,167896071,167760253,167732308,168005751,167758916,168005143,167659131,167895802,167895662,168004600,167759765,167895485,167895214,168083501,168003969,167894922,168787466,167898342,167893976,167898065,168003553,167893703,168002736,167893570,167893417,167893136,167892949,168002517,167892857,167896304,167892763,167892652,167935196,168231147,168002022,168001943,167999908,167997334,168001235,167997687,168083283,168082923,168787259,168357653,168357456,168357333,168358119,168357229,168357073,168354653,168356809,168354317,168353976,168359327,168412495,168780271,168771033,168780042,168780461,168780577,168779831,168778879,168778404,168767640,168765851,168791707);

Rollback sciprt:-
update t_application set WorkflowState=229989, Modified=now() where CompanyId=6375 and WorkflowState=312475 and Deleted=0;
update t_candidatestateupdate set StateId=229989 where CompanyId=6375 and Id in (111028411,113226075,112469996,112479973,112827786,113629531,114885754,114881375,115779829,119154480,124989235,127650744,138084990,138537864,140306836,141282154,141282155,141282156,141282157,141282158,141282029,141282030,141282031,141282032,141281956,141281957,141281958,141281959,141281898,141281900,141281896,141281897,141281683,141281684,141281685,141281686,141281687,141281688,139913645,141278991,141278992,141278993,141278994,141278053,141278050,141278051,141278052,141277619,141277620,141277621,141277622,141277623,141277624,141276538,141276539,141276540,141276541,141276542,141276543,141276315,141276312,141276313,141276314,141275883,141275884,141275885,141275886,141274556,141274557,141274558,141274559,141273944,141247596,141247155,141246790,141276846,141276843,141276844,141276845,141276712,141276713,141276714,141276715,141276716,141276717,141271744,141243474,143909558,143908960,143908692,144004050,143907897,143687331,143686771,143685816,143685940,143685958,143745337,144000582,144000606,144515948,144515973,144515989,144516001,144515911,144516250,144516059,145675219,144516124,144497553,145675459,145675208,145675198,145675472,145675481,145736156,145675487,145675489,145675157,145675225,145983432,148121137,149065901,149538443,149537700,149537550,151339640,157824543,152814500,152667337,152803316,156332437,155787701,157295081,157412564,155782399,155782138,155577218,155576193,155571959,155575260,155698629,163664960,163664726,155705507,155574631,155705406,155235444,155235777,155235686,155705167,155703596,155571996,163664345,155702026,155695363,155701405,155989601,156841102,156328628,156593194,156592402,157412286,159277883,156591978,156591556,156591393,156590627,160607208,157017700,157017388,159277499,157566843,157412360,157017278,157017156,157016919,160599704,157030620,157564679,157567479,157016781,157564182,157560349,158178842,161200378,157565659,157293781,157559660,158255714,157556216,157559489,157559149,157927290,157558376,157824086,158009004,158008828,157558409,158008667,157650187,157926898,159841845,158008313,158461155,158460849,159841695,158008483,157921203,159593680,158460299,158459868,158459147,158457952,158456956,159825580,159283445,158456610,159728104,158455863,159515386,158935747,158936340,159592970,159817651,159521344,159587121,159591473,159592348,159827186,159879889,159826710,160594210,160731311,160091871,160190077,160593940,160476658,160589146,160863685,160863299,160862648,160607002,161108011,160970040,161107753,161107266,161107062,161107018,161188540,161194153,161193856,161194365,161641708,161751951,162479481,161910152,161868458,161915704,162469228,162479132,162478364,162477839,162477712,162477324,162477034,162468896,162476968,162476870,162469272,162476491,162476352,162475833,162475580,162475448,162474916,162474629,162474459,163169195,163024940,163288530,163556019,163447565,163447338,163544769,163752589,163661410,163772146,163771753,163770684,163771621,163771438,163771402,163858708,164677083,163980834,164459723,164462604,164676685,164461253,164460309,164466469,164591973,164459500,164554558,164814711,164814830,164897809,164897692,164810205,164800462,165144185,164897385,164897357,165235619,165143878,165143749,165235526,165244106,168006777,165421963,165421439,165789687,165795185,165794987,165794773,165794418,165794119,165767161,165793837,166094719,166094492,166880617,166095091,166093617,166319808,166546589,166546325,166543135,166556747,167372103,166880696,167077589,167067207,168006433,168006015,167563825,167562443,167563923,167561880,168021501,167897308,167897260,167896940,167896746,167896468,167760656,167896259,167896071,167760253,167732308,168005751,167758916,168005143,167659131,167895802,167895662,168004600,167759765,167895485,167895214,168083501,168003969,167894922,168787466,167898342,167893976,167898065,168003553,167893703,168002736,167893570,167893417,167893136,167892949,168002517,167892857,167896304,167892763,167892652,167935196,168231147,168002022,168001943,167999908,167997334,168001235,167997687,168083283,168082923,168787259,168357653,168357456,168357333,168358119,168357229,168357073,168354653,168356809,168354317,168353976,168359327,168412495,168780271,168771033,168780042,168780461,168780577,168779831,168778879,168778404,168767640,168765851,168791707);

