Rollback script:-
update t_job set SubsidiaryId=1367, Modified=now() where id in (71439,71475,71495,79062,93701,94781,95492,102336,106055,110676,121306,141587,143405,144391,152208,152213,156531,157022,159991,160446,161487,166277,171656,171658,173149,174282,175368,177431,186244,186837,194579,195037,201761,203369,205759,213293,222403,223946,224529,224544,231093,235813,239623,249126,256960,269763,275744,281624,281625,294863,306493,319520,343100,369016,384366,409221,420367,437041,459989,462738,477566,481169,484296,507580,513290,527063,527968,527984,538359,560790,568191,578483,585070,604775,612291,622756,637819,641623,649903,657040,662611,676462,684448,688401,696643,704815,714587,726622,735235,740933,767377,770483,786078,786080,827571,829696,842116,882738,899785,920523,926799,980237,981535,986448,988045,990166,993736,1011274,1015605,1018572,1045357,1045430,1078217,1108287,1179339,1192410,1202961,1245167,1267635,1269800,1271256,1295230,1317396,1391528,1393075,1435756,1435804,1440735,1450015,1464665,1464743,1470499,1475164,1481076,1483095,1493283,1493288,1514958,1516243,1523015,1535445,1575177,1589988,1590049,1594032,1594070,1596499,1607700,1616752,1618218,1645844,1645901,1654948,1674577,1678540,1680277,1688850,1695192,1697443,1700663,1740240,1750875,1764292,1768329,1770025,1788492,1788503,1802120,1809385,1811839,1823644,1834017,1834032,1843561,1858837,1880763,1891424,1937203,1943078,1943366,1943392,1947460,1965960,1978898,2005212,2012639,2016466,2026483,2028264,2028273,2034017,2034043,2080008,2165412,2169206,2179122,2222383,2228476,2266495,2272154,2282789,2284531,2292450,2319367,2347610,2359942,2368483,2373729,2373743,2375381,2381820,2385104,2417756,2424225,2430976,2462370,2519554,3204320,3219022);

update t_job set SubsidiaryId=1368, Modified=now() where id in (71448,392684,392685,421625,752979,753002);

update t_job set SubsidiaryId=1369, Modified=now() where Id in (71443,71454,85537,86137,109545,110255,122948,122949,125497,150249,155048,172166,198675,243543,275743,285008,299403,301685,303408,303413,340559,408605,474032,687343,1936780);

update t_job set SubsidiaryId=1370, Modified=now() where id in (71461,113493,115640,115642,152210,160740,162366,172163,172164,185228,197983,198677,211330,214208,221466);

update t_job set SubsidiaryId=1372, Modified=now() where id in (71465,81087,94223,119608,120015,129329,133768,133770,147348,167298,168328,171171,172482,173611,180002,198671,202840,202841,202842,250367,253194,259482,259489,265258,276523,282172,282176,291714,303412,387394,500025,510053,527672,538374,545281,545285,558745,572492,585142,945730,945785,996308,1797338,1800234,2405442);

update t_job set SubsidiaryId=1373, Modified=now() where id in (71467,71468,74633,89841,111444,127101,128484,132292,167702,186836,207783);

update t_job set SubsidiaryId=1378, Modified=now() where Id in (71481,71494,81908,84963,85709,94225,95491,102990,104534,112227,112230,135050,142631,142637,162908,180367,194580,197979,214525,215254,220504,230199,236429,394836,394838,394890,412658,412707,412996,435944,456077,502430,525453,534200,573514,631941,656953,707801,747590,802224,814887);

update t_job set SubsidiaryId=1379, Modified=now() where Id in (71482,89799,103803,107266,133762,135798,144942,197981,319510,319514,632999,650871,755151,866687,888464,1066868,1180568,1466277,1473848,1503834,1503837,1503841,1536944,1551476,1596518,1630839,1740231,1805815,1805835,1826594,1860983,1860988,1889094,1893300,1910008,2085808,2123008,2167134,2167148,2177274,2195195,2241084,2241086);

update t_job set SubsidiaryId=1387, Modified=now() where Id in (72683,75153,102586,105295,162903,169717,174178,183777,183778,191700,222826,281629,319508,338696,340556,354379,358989,359832,379146,384967,390335,405783,406463,410536,421018,421023,422507,432715,486410,506717,556411,562783,605741,615179,643735,652137,668504,709267,745730,758684,758693,780976,795318,868243,882720,981468,1057419,1409423,1420084,1421572,1473790,1504966,1516235,1559558,1585386,1624050,1655206,1972242,2162181,2187715);

update t_job set SubsidiaryId=1664, Modified=now() where Id in (84683,84685,89855,90052,98676,100881,103389,103391,109543,115735,120010,160437,162373,163377,163378,191703,209766,218373,251715,308409,483786,529941,529965,722502,730879,737531,829668,895485,895537,895582,973483,997432,1180611,1201668,1201698,1206553,1340409,1489981,1641169,1641184,1661325,1662738,1720922,1737230,1755922,1811490,1811500,1855903,1855911,1901827,1901835,2000080,2140718,2140725,2344087,2487348,2498601);


