Update T_Company Set Name='Projectline Inc.' where Id=5250

Update T_Subsidiary Set Logo='su4164_yesler154x154_1460496322577_Subsidiary.png', LogoUrl='http://yesler.com/careers', LogoWidth=154,LogoHeight=154 where id=5983 and CompanyId=5250

update T_Job set SubsidiaryId = 5983, Modified = getdate() where CompanyId = 5250 and id in (1849940,1877477,1877906,1877915,1877980,1877988,1877989,1877992,1878004,1878005,1878007,1878010,1878011,1878012,1878014,1878018,1878033,1878037,1878044,1878046,1878047,1878049,1878054,1878058,1878059,1878060,1878061,1878065,1878067,1878069,1878071,1878073,1880536,1881881,1881999,1883497,1891013,1891511,1895184,1901893,1904325,1916593,1916642,1917112,1927629,1928032,1929953,1933572,1935277,1940760,1944930,1957238,1957276,1960668,1960718,1962786,1962787,1962788,1962791,1975468,1976910,1976919,1981974,1995152,1997517,2003338,2009595,2009596,2018155,2022265,2031569,2052909,2058401,2061003,2063069,2077602,2087400,2087664,2087666,2087696,2094597,2109669,2109670,2113052,2121160,2138759,2138976,2140141,2149071,2154279,2155247,2156084,2156313,2156773,2160401,2161518,2162489,2162503,2165590,2168744,2178548,2182300,2186804,2186842,2191266,2201719,2204173,2215273,2218799,2223837,2223846,2223856,2223859,2223870,2223881,2232847,2236220,2238409,2242810,2252125,2252360,2257270,2257539,2261607,2264887,2274409,2275010,2275011,2275247,2275252,2276821,2277125,2282876,2286092,2288214,2290436,2294127,2302182,2302447,2308053,2308060,2308062,2309379,2311577,2312404,2319381,2330634,2331353,2338159,2342171,2345694,2351692,2351855,2358554,2359714,2375148,2376200,2377794,2379508,2388203,2388246,2394943,2396913,2396915,2396931,2400050,2407766,2407854,2418737,2420247,2423895,2423958,2423999,2424036,2424310,2430058,2437651,2449143,2452476,2452591,2454336,2457983,2467074,2479431,2484353,2490903,2491267,2513321,2536410,2550546,2566265,2566266,2566267,2569804,2573766,2590381,2593897,2598478,2602445,2602464,2610718,2620449,2620452,2629349,2633411,2633416,2642136,2654721,2656677,2677578,2688135,2688726,2722449,2747150,2791945,2794378,2803456,2804606,2812704,2827211,2832458,2834157,2835081,2835091,2842940,2844856,2854904,2856783,2869741,2896979,2903725,2905101,2923462,2927410,2935968,2938433,2938447,2943190,2954382,3012477,3014472,3016913,3016984,3017019,3044451,3051152,3051847,3054192,3058039,3067638,3075943,3076940,3078867,3079626,3094112,3094135,3096016,3099628,3106361,3115148,3123279,3141396,3161798,3162601,3162696,3168752,3168819,3171550,3193776,3203987,3206593,3222350,3248176,3253662,3261985,3268147,3279364,3284759,3294542,3343847,3343862,3346487,3353441,3355460,3359638,3363665,3365620,3369881,3370047,3394478,3396442,3404028,3413127,3435278,3443167,3446052,3450374,3451068,3452929,3460873,3469872,3475002,3475036,3488926,3492210)



INSERT INTO T_Subsidiary (CompanyId,Name,Logo,LogoUrl,LogoWidth,LogoHeight,Color,Frame,Button,CareerSiteId,Active,ShowJobs,createddate,modifieddate)
VALUES (5250,'Projectline','su4163_1046_1518465425322_Subsidiary.png','http://www.projectlineservices.com/work-with-us/',696,186,7171697,'c_32_999999','c_33_666666',0,0,0,'7/15/2017 10:12:46 PM','2/12/2018 11:57:31 AM')
select SCOPE_IDENTITY()
update T_Job set SubsidiaryId = SCOPE_IDENTITY(), Modified = getdate() where CompanyId = 5250 and id in (1849870,1877476,1877501,1877615,1877663,1877916,1877990,1877991,1877993,1877994,1877995,1877996,1878008,1878009,1878013,1878016,1878017,1878019,1878020,1878021,1878022,1878023,1878026,1878027,1878028,1878029,1878030,1878031,1878032,1878034,1878039,1878041,1878042,1878045,1878048,1878050,1878055,1878056,1878057,1878063,1878064,1878068,1878070,1878072,1878074,1880552,1891100,1895098,1898132,1914821,1921391,1921396,1921397,1926543,1928292,1929896,1929994,1940041,1940103,1944584,1947194,1947565,1948962,1948970,1948972,1949136,1952732,1959340,1972245,1973945,1987774,1987775,1987776,1994875,1994904,1998890,2003132,2003211,2014738,2026082,2027832,2047881,2056692,2057720,2059392,2060985,2062851,2062901,2083192,2083243,2088124,2093018,2093020,2093121,2093238,2097944,2098780,2101145,2117506,2117564,2119895,2120039,2126527,2140437,2143664,2145995,2146053,2146075,2147359,2148577,2148652,2152878,2153487,2156776,2168586,2170226,2170358,2170368,2179032,2179192,2179198,2179208,2179214,2191504,2191818,2193576,2193592,2193608,2200085,2206033,2208102,2228091,2228184,2228781,2230610,2232680,2238628,2238696,2242870,2257200,2261715,2271750,2278852,2286586,2307107,2310173,2317939,2323546,2335031,2347603,2347617,2352174,2365069,2382020,2386748,2388776,2390569,2397087,2398881,2418881,2422059,2432544,2443622,2450867,2452816,2476078,2479316,2538653,2543723,2556979,2562756,2570747,2576769,2576864,2597782,2600760,2602914,2605105,2605108,2610867,2622371,2623512,2626051,2626419,2626429,2631299,2645359,2650887,2652766,2679206,2708566,2710569,2723707,2736363,2737086,2738683,2745081,2779866,2781605,2781845,2783287,2783819,2785769,2796219,2796509,2796680,2796881,2802959,2812147,2818293,2828176,2830387,2837289,2859908,2865858,2871086,2878596,2891305,2891360,2893383,2898601,2910408,2910524,2911735,2912818,2919196,2920096,2920873,2923960,2925671,2943636,2949295,2950984,2980692,2982042,2982765,2991259,2991923,2996570,2998207,2999892,3005408,3005471,3005792,3012189,3028782,3036840,3042121,3051880,3058828,3061775,3061781,3061784,3061793,3065866,3067206,3071063,3071209,3071215,3071223,3073734,3077439,3081599,3086538,3086704,3089820,3095702,3095794,3097654,3106423,3111206,3111268,3121133,3130694,3143000,3150883,3151163,3151667,3153178,3163521,3171458,3171657,3176823,3177653,3177946,3189023,3201084,3202326,3203373,3203388,3205399,3206169,3214530,3220904,3223012,3225226,3225378,3225740,3225766,3225788,3228038,3228041,3233648,3243707,3248640,3253153,3264154,3268966,3269174,3270050,3277087,3279200,3283615,3286069,3286142,3296494,3298518,3308240,3309519,3326980,3327295,3340837,3345241,3362511,3364323,3366293,3378841,3378864,3383988,3384195,3394764,3397391,3415823,3431158,3433589,3449159,3450886,3456025,3465952,3479938,3486547,3492467,3494844,3504012)

INSERT INTO T_Subsidiary (CompanyId,Name,Logo,LogoUrl,LogoWidth,LogoHeight,Color,Frame,Button,CareerSiteId,Active,ShowJobs,createddate,modifieddate)
VALUES (5250,'Projectline Inc.','su4188_blank_1460583397215_Subsidiary.PNG','http://www.projectlineinc.com/',277,242,7171697,'c_32_999999','c_33_666666',0,0,0,'7/15/2017 10:12:46 PM','2/12/2018 11:57:31 AM')
select SCOPE_IDENTITY()
update T_Job set SubsidiaryId = SCOPE_IDENTITY(), Modified = getdate() where CompanyId = 5250 and id = 3470264